1 6.95
2 7.29
3 7.56
4 7.92
5 8.31
6 8.57
7 8.92
8 9.70
9 11.09
10 12.81
11 14.74
12 16.59
13 18.43
14 19.93
15 21.38
16 22.44
17 23.39
18 24.14
19 24.86
20 25.43
21 25.95
22 26.48
23 26.91
24 27.24
25 27.59
26 27.97
27 28.23
28 28.46
29 28.69
30 28.91
31 29.14
32 29.44
33 29.77
34 30.17
35 30.43
36 30.66
37 30.91
38 31.17
39 31.35
40 31.59
41 31.86
42 32.06
43 32.20
44 32.42
45 32.62
46 32.73
47 32.88
48 33.08
49 33.26
50 33.33
51 33.53
52 33.71
53 33.77
54 33.97
55 34.16
56 34.24
57 34.42
58 34.51
59 34.65
60 34.73
61 34.86
62 34.88
63 35.01
64 35.09
65 35.11
66 35.21
67 35.30
68 35.31
69 35.33
70 35.43
71 35.52
72 35.54
73 35.54
74 35.57
75 35.66
76 35.74
77 35.76
78 35.77
79 35.78
80 35.81
81 35.86
82 35.93
83 35.99
84 35.99
85 35.99
86 35.99
87 36.00
88 36.02
89 36.07
90 36.11
91 36.16
92 36.20
93 36.21
94 36.22
95 36.22
96 36.21
97 36.22
98 36.23
99 36.26
100 36.27
101 36.30
102 36.36
103 36.39
104 36.43
105 36.43
106 36.43
107 36.44
108 36.44
109 36.44
110 36.44
111 36.45
112 36.47
113 36.51
114 36.53
115 36.52
116 36.57
117 36.61
118 36.63
119 36.65
120 36.66
121 36.66
122 36.67
123 36.67
124 36.67
125 36.67
126 36.67
127 36.67
128 36.67
129 36.68
130 36.69
131 36.72
132 36.75
133 36.76
134 36.78
135 36.82
136 36.86
137 36.85
138 36.86
139 36.87
140 36.89
141 36.89
142 36.89
143 36.90
144 36.89
145 36.90
146 36.90
147 36.89
148 36.90
149 36.90
150 36.90
151 36.91
152 36.90
153 36.95
154 36.94
155 36.97
156 36.97
157 36.98
158 37.06
159 37.05
160 37.06
161 37.06
162 37.08
163 37.10
164 37.11
165 37.11
166 37.11
167 37.12
168 37.12
169 37.12
170 37.12
171 37.12
172 37.12
173 37.12
174 37.12
175 37.13
176 37.14
177 37.14
178 37.14
179 37.16
180 37.18
181 37.18
182 37.19
183 37.24
184 37.26
185 37.23
186 37.24
187 37.29
188 37.29
189 37.32
190 37.31
191 37.32
192 37.31
193 37.32
194 37.34
195 37.34
196 37.33
197 37.34
198 37.34
199 37.34
200 37.34
201 37.34
202 37.35
203 37.34
204 37.35
205 37.35
206 37.34
207 37.34
208 37.35
209 37.34
210 37.35
211 37.36
212 37.35
213 37.36
214 37.36
215 37.38
216 37.40
217 37.40
218 37.38
219 37.41
220 37.40
221 37.39
222 37.43
223 37.46
224 37.45
225 37.47
226 37.46
227 37.50
228 37.51
229 37.52
230 37.50
231 37.52
232 37.54
233 37.53
234 37.54
235 37.55
236 37.52
237 37.55
238 37.55
239 37.56
240 37.55
241 37.56
242 37.57
243 37.57
244 37.56
245 37.57
246 37.57
247 37.57
248 37.57
249 37.56
250 37.57
251 37.57
252 37.57
253 37.57
254 37.58
255 37.57
256 37.57
257 37.58
258 37.57
259 37.58
260 37.58
261 37.58
262 37.58
263 37.58
264 37.58
265 37.59
266 37.59
267 37.59
268 37.58
269 37.58
270 37.59
271 37.59
272 37.59
273 37.58
274 37.59
275 37.62
276 37.62
277 37.62
278 37.63
279 37.65
280 37.64
281 37.67
282 37.65
283 37.67
284 37.66
285 37.66
286 37.65
287 37.67
288 37.67
289 37.67
290 37.70
291 37.67
292 37.68
293 37.73
294 37.70
295 37.71
296 37.72
297 37.73
298 37.73
299 37.73
300 37.72
301 37.73
302 37.74
303 37.77
304 37.77
305 37.75
306 37.78
307 37.76
308 37.77
309 37.77
310 37.76
311 37.79
312 37.78
313 37.78
314 37.78
315 37.78
316 37.79
317 37.78
318 37.79
319 37.79
320 37.79
321 37.80
322 37.79
323 37.79
324 37.79
325 37.79
326 37.80
327 37.79
328 37.79
329 37.79
330 37.79
331 37.80
332 37.80
333 37.79
334 37.79
335 37.80
336 37.80
337 37.80
338 37.80
339 37.80
340 37.80
341 37.80
342 37.80
343 37.80
344 37.80
345 37.80
346 37.80
347 37.80
348 37.80
349 37.80
350 37.80
351 37.80
352 37.80
353 37.81
354 37.80
355 37.81
356 37.80
357 37.81
358 37.80
359 37.80
360 37.80
361 37.81
362 37.80
363 37.81
364 37.80
365 37.80
366 37.80
367 37.80
368 37.81
369 37.81
370 37.81
371 37.81
372 37.81
373 37.81
374 37.82
375 37.82
376 37.81
377 37.81
378 37.80
379 37.82
380 37.82
381 37.82
382 37.81
383 37.83
384 37.82
385 37.84
386 37.82
387 37.82
388 37.81
389 37.83
390 37.86
391 37.82
392 37.81
393 37.84
394 37.83
395 37.83
396 37.83
397 37.82
398 37.82
399 37.83
400 37.83
401 37.83
402 37.84
403 37.85
404 37.83
405 37.84
406 37.86
407 37.86
408 37.87
409 37.86
410 37.85
411 37.84
412 37.86
413 37.87
414 37.87
415 37.86
416 37.92
417 37.88
418 37.87
419 37.91
420 37.92
421 37.89
422 37.90
423 37.90
424 37.90
425 37.90
426 37.92
427 37.92
428 37.90
429 37.88
430 37.90
431 37.92
432 37.90
433 37.91
434 37.91
435 37.93
436 37.92
437 37.94
438 37.92
439 37.92
440 37.96
441 37.94
442 37.97
443 37.96
444 37.91
445 37.96
446 37.95
447 37.93
448 37.94
449 37.96
450 37.94
451 37.96
452 37.96
453 38.00
454 37.95
455 37.98
456 37.96
457 37.98
458 37.98
459 37.99
460 37.99
461 38.00
462 37.96
463 37.98
464 37.97
465 37.97
466 37.98
467 37.99
468 38.00
469 37.98
470 37.99
471 38.00
472 38.00
473 37.98
474 37.99
475 38.01
476 37.99
477 37.99
478 38.00
479 38.01
480 37.99
481 38.01
482 38.00
483 38.01
484 38.01
485 38.01
486 38.02
487 37.99
488 38.01
489 38.00
490 38.01
491 38.01
492 38.02
493 38.02
494 38.02
495 38.01
496 38.01
497 38.02
498 38.01
499 38.02
500 38.02
501 38.01
502 38.02
503 38.01
504 38.02
505 38.01
506 38.02
507 38.02
508 38.02
509 38.03
510 38.01
511 38.03
512 38.01
513 38.03
514 38.02
515 38.03
516 38.03
517 38.03
518 38.02
519 38.01
520 38.02
521 38.03
522 38.02
523 38.02
524 38.02
525 38.03
526 38.01
527 38.01
528 38.02
529 38.01
530 38.02
531 38.03
532 38.01
533 38.03
534 38.02
535 38.03
536 38.03
537 38.03
538 38.01
539 38.03
540 38.03
541 38.03
542 38.02
543 38.03
544 38.03
545 38.02
546 38.02
547 38.03
548 38.03
549 38.02
550 38.03
551 38.03
552 38.03
553 38.03
554 38.03
555 38.03
556 38.02
557 38.03
558 38.03
559 38.03
560 38.03
561 38.03
562 38.03
563 38.03
564 38.03
565 38.03
566 38.03
567 38.03
568 38.03
569 38.03
570 38.03
571 38.03
572 38.03
573 38.03
574 38.03
575 38.02
576 38.03
577 38.03
578 38.03
579 38.03
580 38.03
581 38.03
582 38.03
583 38.03
584 38.03
585 38.03
586 38.03
587 38.03
588 38.03
589 38.03
590 38.03
591 38.03
592 38.03
593 38.03
594 38.03
595 38.03
596 38.03
597 38.03
598 38.03
599 38.03
600 38.03
601 38.03
602 38.03
603 38.03
604 38.04
605 38.03
606 38.03
607 38.04
608 38.03
609 38.03
610 38.03
611 38.03
612 38.03
613 38.04
614 38.03
615 38.03
616 38.03
617 38.03
618 38.03
619 38.03
620 38.04
621 38.03
622 38.05
623 38.03
624 38.04
625 38.03
626 38.04
627 38.03
628 38.03
629 38.03
630 38.04
631 38.05
632 38.04
633 38.04
634 38.03
635 38.04
636 38.05
637 38.04
638 38.04
639 38.04
640 38.06
641 38.03
642 38.04
643 38.04
644 38.04
645 38.03
646 38.04
647 38.04
648 38.03
649 38.04
650 38.04
651 38.03
652 38.05
653 38.05
654 38.05
655 38.04
656 38.03
657 38.04
658 38.03
659 38.04
660 38.05
661 38.06
662 38.05
663 38.04
664 38.05
665 38.06
666 38.04
667 38.07
668 38.05
669 38.07
670 38.07
671 38.05
672 38.07
673 38.05
674 38.05
675 38.06
676 38.06
677 38.04
678 38.04
679 38.04
680 38.05
681 38.04
682 38.04
683 38.07
684 38.06
685 38.05
686 38.07
687 38.07
688 38.07
689 38.07
690 38.05
691 38.07
692 38.08
693 38.06
694 38.07
695 38.07
696 38.07
697 38.07
698 38.09
699 38.08
700 38.08
701 38.08
702 38.09
703 38.07
704 38.10
705 38.10
706 38.07
707 38.08
708 38.10
709 38.09
710 38.08
711 38.08
712 38.07
713 38.08
714 38.09
715 38.09
716 38.08
717 38.12
718 38.08
719 38.10
720 38.10
721 38.10
722 38.12
723 38.08
724 38.13
725 38.10
726 38.10
727 38.09
728 38.10
729 38.08
730 38.09
731 38.08
732 38.10
733 38.08
734 38.09
735 38.12
736 38.10
737 38.13
738 38.08
739 38.08
740 38.09
741 38.10
742 38.10
743 38.12
744 38.13
745 38.09
746 38.14
747 38.14
748 38.13
749 38.15
750 38.14
751 38.13
752 38.13
753 38.13
754 38.13
755 38.13
756 38.15
757 38.14
758 38.12
759 38.14
760 38.14
761 38.15
762 38.14
763 38.15
764 38.13
765 38.15
766 38.14
767 38.14
768 38.14
769 38.16
770 38.16
771 38.17
772 38.16
773 38.16
774 38.13
775 38.16
776 38.19
777 38.13
778 38.17
779 38.16
780 38.16
781 38.17
782 38.18
783 38.14
784 38.20
785 38.18
786 38.18
787 38.13
788 38.18
789 38.19
790 38.19
791 38.19
792 38.19
793 38.17
794 38.16
795 38.21
796 38.17
797 38.20
798 38.18
799 38.19
800 38.21
801 38.20
802 38.20
803 38.19
804 38.19
805 38.20
806 38.18
807 38.23
808 38.20
809 38.21
810 38.22
811 38.21
812 38.20
813 38.18
814 38.22
815 38.21
816 38.21
817 38.20
818 38.21
819 38.22
820 38.21
821 38.21
822 38.20
823 38.20
824 38.21
825 38.22
826 38.22
827 38.22
828 38.22
829 38.22
830 38.23
831 38.21
832 38.22
833 38.22
834 38.20
835 38.21
836 38.22
837 38.22
838 38.20
839 38.22
840 38.22
841 38.21
842 38.21
843 38.21
844 38.24
845 38.22
846 38.21
847 38.22
848 38.23
849 38.22
850 38.23
851 38.21
852 38.23
853 38.22
854 38.23
855 38.24
856 38.23
857 38.23
858 38.24
859 38.22
860 38.24
861 38.22
862 38.22
863 38.24
864 38.24
865 38.24
866 38.23
867 38.23
868 38.24
869 38.24
870 38.23
871 38.23
872 38.24
873 38.24
874 38.25
875 38.24
876 38.24
877 38.24
878 38.24
879 38.24
880 38.24
881 38.25
882 38.23
883 38.23
884 38.23
885 38.24
886 38.24
887 38.25
888 38.24
889 38.23
890 38.23
891 38.24
892 38.24
893 38.25
894 38.24
895 38.25
896 38.25
897 38.24
898 38.25
899 38.25
900 38.25
901 38.25
902 38.25
903 38.24
904 38.24
905 38.24
906 38.25
907 38.24
908 38.24
909 38.25
910 38.25
911 38.25
912 38.25
913 38.24
914 38.25
915 38.25
916 38.25
917 38.25
918 38.25
919 38.24
920 38.25
921 38.25
922 38.25
923 38.25
924 38.25
925 38.25
926 38.25
927 38.24
928 38.25
929 38.25
930 38.25
931 38.24
932 38.24
933 38.25
934 38.25
935 38.25
936 38.25
937 38.25
938 38.25
939 38.25
940 38.25
941 38.24
942 38.25
943 38.25
944 38.25
945 38.25
946 38.25
947 38.25
948 38.25
949 38.25
950 38.25
951 38.25
952 38.25
953 38.25
954 38.25
955 38.25
956 38.25
957 38.25
958 38.25
959 38.25
960 38.25
961 38.25
962 38.25
963 38.25
964 38.25
965 38.25
966 38.25
967 38.25
968 38.25
969 38.25
970 38.25
971 38.25
972 38.25
973 38.26
974 38.25
975 38.25
976 38.25
977 38.25
978 38.25
979 38.25
980 38.24
981 38.25
982 38.25
983 38.25
984 38.25
985 38.25
986 38.25
987 38.25
988 38.25
989 38.25
990 38.25
991 38.25
992 38.25
993 38.25
994 38.25
995 38.25
996 38.25
997 38.25
998 38.25
999 38.25
1000 38.25
1001 38.25
1002 38.25
1003 38.25
1004 38.25
1005 38.25
1006 38.26
1007 38.25
1008 38.25
1009 38.25
1010 38.25
1011 38.25
1012 38.25
1013 38.25
1014 38.25
1015 38.25
1016 38.25
1017 38.25
1018 38.25
1019 38.26
1020 38.25
1021 38.25
1022 38.25
1023 38.25
1024 38.26
1025 38.25
1026 38.25
1027 38.25
1028 38.26
1029 38.26
1030 38.26
1031 38.25
1032 38.26
1033 38.25
1034 38.25
1035 38.26
1036 38.25
1037 38.25
1038 38.26
1039 38.26
1040 38.25
1041 38.25
1042 38.25
1043 38.25
1044 38.25
1045 38.26
1046 38.26
1047 38.25
1048 38.25
1049 38.25
1050 38.26
1051 38.26
1052 38.25
1053 38.25
1054 38.26
1055 38.26
1056 38.25
1057 38.25
1058 38.25
1059 38.26
1060 38.26
1061 38.26
1062 38.26
1063 38.26
1064 38.25
1065 38.26
1066 38.25
1067 38.26
1068 38.25
1069 38.26
1070 38.25
1071 38.25
1072 38.25
1073 38.25
1074 38.25
1075 38.25
1076 38.26
1077 38.25
1078 38.25
1079 38.26
1080 38.25
1081 38.26
1082 38.25
1083 38.26
1084 38.25
1085 38.26
1086 38.26
1087 38.25
1088 38.25
1089 38.25
1090 38.26
1091 38.25
1092 38.26
1093 38.26
1094 38.25
1095 38.26
1096 38.26
1097 38.26
1098 38.26
1099 38.26
1100 38.26
1101 38.26
1102 38.26
1103 38.26
1104 38.26
1105 38.26
1106 38.26
1107 38.26
1108 38.25
1109 38.26
1110 38.26
1111 38.26
1112 38.27
1113 38.26
1114 38.25
1115 38.25
1116 38.25
1117 38.26
1118 38.27
1119 38.26
1120 38.26
1121 38.26
1122 38.26
1123 38.26
1124 38.26
1125 38.26
1126 38.26
1127 38.26
1128 38.26
1129 38.27
1130 38.26
1131 38.27
1132 38.27
1133 38.25
1134 38.26
1135 38.27
1136 38.26
1137 38.27
1138 38.27
1139 38.27
1140 38.26
1141 38.26
1142 38.27
1143 38.26
1144 38.26
1145 38.27
1146 38.26
1147 38.28
1148 38.28
1149 38.26
1150 38.27
1151 38.27
1152 38.26
1153 38.26
1154 38.26
1155 38.27
1156 38.26
1157 38.27
1158 38.26
1159 38.27
1160 38.29
1161 38.27
1162 38.28
1163 38.27
1164 38.27
1165 38.26
1166 38.27
1167 38.27
1168 38.26
1169 38.26
1170 38.27
1171 38.26
1172 38.27
1173 38.27
1174 38.27
1175 38.27
1176 38.26
1177 38.27
1178 38.26
1179 38.29
1180 38.27
1181 38.27
1182 38.29
1183 38.27
1184 38.27
1185 38.27
1186 38.26
1187 38.27
1188 38.27
1189 38.27
1190 38.26
1191 38.26
1192 38.27
1193 38.26
1194 38.27
1195 38.27
1196 38.27
1197 38.28
1198 38.28
1199 38.29
1200 38.30
1201 38.28
1202 38.28
1203 38.30
1204 38.31
1205 38.28
1206 38.29
1207 38.27
1208 38.29
1209 38.28
1210 38.29
1211 38.28
1212 38.29
1213 38.27
1214 38.28
1215 38.28
1216 38.27
1217 38.29
1218 38.30
1219 38.29
1220 38.28
1221 38.27
1222 38.30
1223 38.29
1224 38.31
1225 38.29
1226 38.28
1227 38.30
1228 38.29
1229 38.30
1230 38.27
1231 38.29
1232 38.27
1233 38.29
1234 38.29
1235 38.30
1236 38.29
1237 38.27
1238 38.28
1239 38.28
1240 38.29
1241 38.29
1242 38.29
1243 38.28
1244 38.30
1245 38.30
1246 38.31
1247 38.29
1248 38.29
1249 38.29
1250 38.28
1251 38.29
1252 38.29
1253 38.31
1254 38.27
1255 38.31
1256 38.29
1257 38.28
1258 38.31
1259 38.28
1260 38.32
1261 38.30
1262 38.30
1263 38.30
1264 38.30
1265 38.29
1266 38.31
1267 38.29
1268 38.31
1269 38.31
1270 38.30
1271 38.31
1272 38.28
1273 38.28
1274 38.31
1275 38.30
1276 38.29
1277 38.29
1278 38.30
1279 38.31
1280 38.30
1281 38.29
1282 38.31
1283 38.30
1284 38.28
1285 38.30
1286 38.28
1287 38.30
1288 38.30
1289 38.29
1290 38.29
1291 38.30
1292 38.31
1293 38.32
1294 38.30
1295 38.31
1296 38.30
1297 38.29
1298 38.31
1299 38.29
1300 38.30
1301 38.30
1302 38.29
1303 38.29
1304 38.30
1305 38.33
1306 38.31
1307 38.32
1308 38.31
1309 38.32
1310 38.30
1311 38.31
1312 38.31
1313 38.31
1314 38.32
1315 38.32
1316 38.32
1317 38.33
1318 38.34
1319 38.31
1320 38.31
1321 38.34
1322 38.31
1323 38.33
1324 38.32
1325 38.32
1326 38.32
1327 38.33
1328 38.31
1329 38.35
1330 38.32
1331 38.31
1332 38.30
1333 38.31
1334 38.34
1335 38.35
1336 38.34
1337 38.35
1338 38.32
1339 38.32
1340 38.34
1341 38.36
1342 38.31
1343 38.33
1344 38.34
1345 38.36
1346 38.31
1347 38.33
1348 38.35
1349 38.35
1350 38.36
1351 38.36
1352 38.34
1353 38.34
1354 38.36
1355 38.35
1356 38.35
1357 38.36
1358 38.35
1359 38.35
1360 38.36
1361 38.36
1362 38.36
1363 38.32
1364 38.36
1365 38.34
1366 38.36
1367 38.35
1368 38.34
1369 38.38
1370 38.36
1371 38.36
1372 38.37
1373 38.36
1374 38.35
1375 38.35
1376 38.35
1377 38.34
1378 38.36
1379 38.35
1380 38.35
1381 38.36
1382 38.36
1383 38.35
1384 38.39
1385 38.35
1386 38.38
1387 38.36
1388 38.37
1389 38.35
1390 38.39
1391 38.35
1392 38.39
1393 38.36
1394 38.35
1395 38.36
1396 38.38
1397 38.38
1398 38.38
1399 38.37
1400 38.38
1401 38.38
1402 38.39
1403 38.36
1404 38.39
1405 38.36
1406 38.36
1407 38.39
1408 38.37
1409 38.38
1410 38.40
1411 38.38
1412 38.37
1413 38.40
1414 38.38
1415 38.36
1416 38.37
1417 38.39
1418 38.38
1419 38.40
1420 38.38
1421 38.36
1422 38.38
1423 38.39
1424 38.38
1425 38.40
1426 38.35
1427 38.41
1428 38.39
1429 38.39
1430 38.39
1431 38.39
1432 38.39
1433 38.38
1434 38.40
1435 38.39
1436 38.39
1437 38.42
1438 38.39
1439 38.38
1440 38.42
1441 38.40
1442 38.43
1443 38.38
1444 38.40
1445 38.41
1446 38.42
1447 38.40
1448 38.39
1449 38.40
1450 38.40
1451 38.41
1452 38.40
1453 38.42
1454 38.40
1455 38.42
1456 38.40
1457 38.42
1458 38.44
1459 38.42
1460 38.39
1461 38.41
1462 38.43
1463 38.43
1464 38.42
1465 38.40
1466 38.40
1467 38.40
1468 38.45
1469 38.43
1470 38.44
1471 38.42
1472 38.43
1473 38.42
1474 38.40
1475 38.43
1476 38.43
1477 38.43
1478 38.42
1479 38.42
1480 38.42
1481 38.42
1482 38.45
1483 38.44
1484 38.43
1485 38.41
1486 38.43
1487 38.43
1488 38.43
1489 38.40
1490 38.44
1491 38.43
1492 38.43
1493 38.42
1494 38.44
1495 38.43
1496 38.44
1497 38.42
1498 38.44
1499 38.44
1500 38.41
1501 38.42
1502 38.44
1503 38.43
1504 38.45
1505 38.42
1506 38.43
1507 38.43
1508 38.42
1509 38.44
1510 38.43
1511 38.44
1512 38.43
1513 38.44
1514 38.44
1515 38.45
1516 38.43
1517 38.46
1518 38.44
1519 38.44
1520 38.42
1521 38.44
1522 38.45
1523 38.44
1524 38.43
1525 38.45
1526 38.44
1527 38.45
1528 38.44
1529 38.45
1530 38.44
1531 38.45
1532 38.45
1533 38.44
1534 38.45
1535 38.45
1536 38.43
1537 38.45
1538 38.45
1539 38.44
1540 38.46
1541 38.43
1542 38.43
1543 38.45
1544 38.45
1545 38.45
1546 38.45
1547 38.44
1548 38.44
1549 38.43
1550 38.45
1551 38.44
1552 38.44
1553 38.44
1554 38.46
1555 38.45
1556 38.45
1557 38.47
1558 38.45
1559 38.45
1560 38.46
1561 38.44
1562 38.42
1563 38.44
1564 38.46
1565 38.43
1566 38.45
1567 38.45
1568 38.45
1569 38.46
1570 38.45
1571 38.44
1572 38.47
1573 38.44
1574 38.45
1575 38.44
1576 38.46
1577 38.47
1578 38.46
1579 38.44
1580 38.46
1581 38.46
1582 38.47
1583 38.47
1584 38.45
1585 38.45
1586 38.46
1587 38.47
1588 38.46
1589 38.45
1590 38.45
1591 38.47
1592 38.47
1593 38.45
1594 38.46
1595 38.46
1596 38.45
1597 38.46
1598 38.46
1599 38.45
1600 38.45
1601 38.46
1602 38.47
1603 38.47
1604 38.46
1605 38.48
1606 38.45
1607 38.45
1608 38.47
1609 38.46
1610 38.44
1611 38.46
1612 38.43
1613 38.47
1614 38.46
1615 38.47
1616 38.47
1617 38.47
1618 38.47
1619 38.46
1620 38.47
1621 38.46
1622 38.45
1623 38.47
1624 38.47
1625 38.45
1626 38.46
1627 38.47
1628 38.47
1629 38.46
1630 38.45
1631 38.45
1632 38.47
1633 38.47
1634 38.47
1635 38.47
1636 38.47
1637 38.47
1638 38.46
1639 38.48
1640 38.47
1641 38.46
1642 38.47
1643 38.47
1644 38.48
1645 38.48
1646 38.48
1647 38.47
1648 38.47
1649 38.47
1650 38.48
1651 38.46
1652 38.45
1653 38.48
1654 38.47
1655 38.48
1656 38.47
1657 38.45
1658 38.47
1659 38.47
1660 38.47
1661 38.47
1662 38.47
1663 38.48
1664 38.48
1665 38.47
1666 38.47
1667 38.47
1668 38.48
1669 38.47
1670 38.48
1671 38.47
1672 38.47
1673 38.46
1674 38.47
1675 38.47
1676 38.48
1677 38.47
1678 38.47
1679 38.48
1680 38.48
1681 38.47
1682 38.47
1683 38.47
1684 38.48
1685 38.48
1686 38.47
1687 38.48
1688 38.46
1689 38.47
1690 38.48
1691 38.48
1692 38.47
1693 38.47
1694 38.47
1695 38.47
1696 38.47
1697 38.47
1698 38.48
1699 38.47
1700 38.47
1701 38.48
1702 38.48
1703 38.47
1704 38.47
1705 38.48
1706 38.47
1707 38.47
1708 38.48
1709 38.48
1710 38.48
1711 38.48
1712 38.48
1713 38.48
1714 38.48
1715 38.48
1716 38.48
1717 38.48
1718 38.48
1719 38.47
1720 38.48
1721 38.47
1722 38.48
1723 38.48
1724 38.48
1725 38.47
1726 38.48
1727 38.48
1728 38.48
1729 38.47
1730 38.48
1731 38.47
1732 38.48
1733 38.48
1734 38.48
1735 38.47
1736 38.48
1737 38.48
1738 38.48
1739 38.48
1740 38.48
1741 38.48
1742 38.47
1743 38.47
1744 38.48
1745 38.48
1746 38.48
1747 38.48
1748 38.48
1749 38.48
1750 38.48
1751 38.48
1752 38.48
1753 38.48
1754 38.47
1755 38.48
1756 38.48
1757 38.48
1758 38.48
1759 38.48
1760 38.48
1761 38.48
1762 38.48
1763 38.48
1764 38.48
1765 38.48
1766 38.48
1767 38.48
1768 38.48
1769 38.48
1770 38.48
1771 38.48
1772 38.48
1773 38.48
1774 38.48
1775 38.48
1776 38.48
1777 38.48
1778 38.48
1779 38.48
1780 38.48
1781 38.48
1782 38.48
1783 38.48
1784 38.48
1785 38.48
1786 38.48
1787 38.48
1788 38.48
1789 38.48
1790 38.48
1791 38.48
1792 38.48
1793 38.48
1794 38.48
1795 38.48
1796 38.48
1797 38.48
1798 38.48
1799 38.48
1800 38.48
1801 38.48
1802 38.48
1803 38.48
1804 38.48
1805 38.48
1806 38.47
1807 38.48
1808 38.48
1809 38.48
1810 38.48
1811 38.48
1812 38.48
1813 38.48
1814 38.48
1815 38.48
1816 38.48
1817 38.48
1818 38.48
1819 38.48
1820 38.48
1821 38.48
1822 38.48
1823 38.48
1824 38.48
1825 38.48
1826 38.48
1827 38.48
1828 38.48
1829 38.48
1830 38.48
1831 38.48
1832 38.48
1833 38.48
1834 38.48
1835 38.48
1836 38.48
1837 38.48
1838 38.48
1839 38.48
1840 38.48
1841 38.48
1842 38.48
1843 38.48
1844 38.48
1845 38.48
1846 38.48
1847 38.48
1848 38.48
1849 38.48
1850 38.48
1851 38.48
1852 38.48
1853 38.48
1854 38.48
1855 38.48
1856 38.48
1857 38.48
1858 38.48
1859 38.48
1860 38.48
1861 38.48
1862 38.48
1863 38.48
1864 38.48
1865 38.48
1866 38.48
1867 38.48
1868 38.48
1869 38.48
1870 38.48
1871 38.48
1872 38.47
1873 38.48
1874 38.48
1875 38.48
1876 38.48
1877 38.48
1878 38.48
1879 38.49
1880 38.48
1881 38.48
1882 38.48
1883 38.48
1884 38.48
1885 38.48
1886 38.48
1887 38.48
1888 38.48
1889 38.48
1890 38.48
1891 38.48
1892 38.48
1893 38.48
1894 38.48
1895 38.48
1896 38.48
1897 38.48
1898 38.48
1899 38.48
1900 38.48
1901 38.48
1902 38.48
1903 38.48
1904 38.48
1905 38.48
1906 38.48
1907 38.48
1908 38.48
1909 38.49
1910 38.48
1911 38.48
1912 38.48
1913 38.49
1914 38.48
1915 38.48
1916 38.48
1917 38.49
1918 38.48
1919 38.48
1920 38.48
1921 38.48
1922 38.48
1923 38.48
1924 38.48
1925 38.48
1926 38.48
1927 38.48
1928 38.48
1929 38.48
1930 38.48
1931 38.48
1932 38.48
1933 38.48
1934 38.48
1935 38.48
1936 38.48
1937 38.48
1938 38.48
1939 38.48
1940 38.48
1941 38.49
1942 38.48
1943 38.49
1944 38.49
1945 38.48
1946 38.48
1947 38.48
1948 38.49
1949 38.48
1950 38.48
1951 38.48
1952 38.48
1953 38.48
1954 38.48
1955 38.48
1956 38.48
1957 38.49
1958 38.48
1959 38.48
1960 38.48
1961 38.48
1962 38.50
1963 38.48
1964 38.49
1965 38.48
1966 38.48
1967 38.48
1968 38.49
1969 38.49
1970 38.48
1971 38.49
1972 38.48
1973 38.48
1974 38.49
1975 38.49
1976 38.48
1977 38.49
1978 38.48
1979 38.49
1980 38.48
1981 38.48
1982 38.49
1983 38.49
1984 38.48
1985 38.48
1986 38.48
1987 38.48
1988 38.48
1989 38.48
1990 38.49
1991 38.48
1992 38.48
1993 38.49
1994 38.48
1995 38.48
1996 38.48
1997 38.48
1998 38.48
1999 38.49
2000 38.48
2001 38.48
2002 38.48
2003 38.48
2004 38.48
2005 38.49
2006 38.49
2007 38.49
2008 38.48
2009 38.48
2010 38.51
2011 38.49
2012 38.49
2013 38.49
2014 38.48
2015 38.49
2016 38.48
2017 38.50
2018 38.49
2019 38.49
2020 38.48
2021 38.48
2022 38.49
2023 38.48
2024 38.48
2025 38.49
2026 38.49
2027 38.50
2028 38.49
2029 38.49
2030 38.49
2031 38.48
2032 38.49
2033 38.49
2034 38.49
2035 38.48
2036 38.48
2037 38.49
2038 38.49
2039 38.49
2040 38.50
2041 38.49
2042 38.49
2043 38.48
2044 38.49
2045 38.48
2046 38.50
2047 38.50
2048 38.48
2049 38.50
2050 38.51
2051 38.48
2052 38.49
2053 38.50
2054 38.49
2055 38.49
2056 38.49
2057 38.49
2058 38.49
2059 38.49
2060 38.50
2061 38.49
2062 38.49
2063 38.49
2064 38.49
2065 38.50
2066 38.49
2067 38.50
2068 38.49
2069 38.49
2070 38.49
2071 38.49
2072 38.49
2073 38.49
2074 38.50
2075 38.50
2076 38.51
2077 38.50
2078 38.50
2079 38.49
2080 38.49
2081 38.49
2082 38.50
2083 38.51
2084 38.50
2085 38.51
2086 38.51
2087 38.50
2088 38.51
2089 38.49
2090 38.48
2091 38.49
2092 38.49
2093 38.51
2094 38.51
2095 38.50
2096 38.51
2097 38.50
2098 38.51
2099 38.49
2100 38.52
2101 38.49
2102 38.49
2103 38.51
2104 38.51
2105 38.50
2106 38.49
2107 38.50
2108 38.52
2109 38.49
2110 38.50
2111 38.52
2112 38.51
2113 38.50
2114 38.51
2115 38.51
2116 38.52
2117 38.50
2118 38.49
2119 38.51
2120 38.51
2121 38.52
2122 38.52
2123 38.51
2124 38.51
2125 38.50
2126 38.50
2127 38.53
2128 38.51
2129 38.53
2130 38.50
2131 38.51
2132 38.53
2133 38.52
2134 38.52
2135 38.52
2136 38.52
2137 38.53
2138 38.52
2139 38.52
2140 38.52
2141 38.52
2142 38.52
2143 38.55
2144 38.52
2145 38.52
2146 38.51
2147 38.52
2148 38.52
2149 38.50
2150 38.51
2151 38.54
2152 38.51
2153 38.51
2154 38.50
2155 38.50
2156 38.52
2157 38.51
2158 38.53
2159 38.53
2160 38.52
2161 38.52
2162 38.53
2163 38.52
2164 38.53
2165 38.53
2166 38.52
2167 38.52
2168 38.53
2169 38.51
2170 38.52
2171 38.52
2172 38.55
2173 38.53
2174 38.55
2175 38.53
2176 38.52
2177 38.52
2178 38.52
2179 38.54
2180 38.51
2181 38.52
2182 38.55
2183 38.51
2184 38.52
2185 38.52
2186 38.53
2187 38.52
2188 38.51
2189 38.52
2190 38.51
2191 38.53
2192 38.52
2193 38.52
2194 38.50
2195 38.54
2196 38.54
2197 38.52
2198 38.55
2199 38.54
2200 38.54
2201 38.54
2202 38.52
2203 38.56
2204 38.55
2205 38.51
2206 38.55
2207 38.54
2208 38.52
2209 38.55
2210 38.55
2211 38.55
2212 38.52
2213 38.55
2214 38.56
2215 38.52
2216 38.53
2217 38.52
2218 38.53
2219 38.55
2220 38.55
2221 38.58
2222 38.56
2223 38.54
2224 38.56
2225 38.56
2226 38.50
2227 38.54
2228 38.56
2229 38.57
2230 38.53
2231 38.55
2232 38.56
2233 38.56
2234 38.55
2235 38.57
2236 38.52
2237 38.59
2238 38.53
2239 38.54
2240 38.56
2241 38.55
2242 38.56
2243 38.52
2244 38.55
2245 38.55
2246 38.56
2247 38.53
2248 38.55
2249 38.55
2250 38.56
2251 38.54
2252 38.55
2253 38.57
2254 38.56
2255 38.57
2256 38.54
2257 38.58
2258 38.57
2259 38.56
2260 38.55
2261 38.56
2262 38.57
2263 38.57
2264 38.56
2265 38.56
2266 38.57
2267 38.57
2268 38.56
2269 38.56
2270 38.59
2271 38.56
2272 38.57
2273 38.56
2274 38.61
2275 38.57
2276 38.56
2277 38.56
2278 38.57
2279 38.57
2280 38.59
2281 38.56
2282 38.57
2283 38.57
2284 38.60
2285 38.56
2286 38.58
2287 38.60
2288 38.62
2289 38.60
2290 38.57
2291 38.59
2292 38.58
2293 38.57
2294 38.58
2295 38.58
2296 38.58
2297 38.59
2298 38.57
2299 38.59
2300 38.57
2301 38.59
2302 38.61
2303 38.57
2304 38.59
2305 38.58
2306 38.55
2307 38.59
2308 38.59
2309 38.61
2310 38.59
2311 38.58
2312 38.57
2313 38.58
2314 38.60
2315 38.58
2316 38.60
2317 38.60
2318 38.60
2319 38.59
2320 38.61
2321 38.59
2322 38.60
2323 38.61
2324 38.59
2325 38.56
2326 38.58
2327 38.56
2328 38.60
2329 38.61
2330 38.60
2331 38.57
2332 38.61
2333 38.57
2334 38.61
2335 38.59
2336 38.61
2337 38.61
2338 38.59
2339 38.61
2340 38.60
2341 38.62
2342 38.60
2343 38.60
2344 38.59
2345 38.64
2346 38.61
2347 38.60
2348 38.60
2349 38.62
2350 38.62
2351 38.61
2352 38.59
2353 38.59
2354 38.57
2355 38.60
2356 38.62
2357 38.57
2358 38.59
2359 38.60
2360 38.61
2361 38.61
2362 38.60
2363 38.62
2364 38.60
2365 38.63
2366 38.60
2367 38.61
2368 38.61
2369 38.61
2370 38.62
2371 38.63
2372 38.60
2373 38.61
2374 38.62
2375 38.58
2376 38.62
2377 38.61
2378 38.59
2379 38.61
2380 38.60
2381 38.62
2382 38.62
2383 38.62
2384 38.60
2385 38.65
2386 38.62
2387 38.62
2388 38.65
2389 38.61
2390 38.64
2391 38.64
2392 38.62
2393 38.63
2394 38.65
2395 38.65
2396 38.60
2397 38.65
2398 38.63
2399 38.65
2400 38.61
2401 38.63
2402 38.61
2403 38.63
2404 38.64
2405 38.64
2406 38.63
2407 38.62
2408 38.64
2409 38.64
2410 38.61
2411 38.62
2412 38.63
2413 38.63
2414 38.64
2415 38.62
2416 38.65
2417 38.63
2418 38.65
2419 38.65
2420 38.65
2421 38.64
2422 38.62
2423 38.65
2424 38.63
2425 38.64
2426 38.65
2427 38.64
2428 38.63
2429 38.64
2430 38.61
2431 38.64
2432 38.65
2433 38.66
2434 38.64
2435 38.65
2436 38.62
2437 38.64
2438 38.63
2439 38.64
2440 38.68
2441 38.65
2442 38.66
2443 38.65
2444 38.65
2445 38.67
2446 38.65
2447 38.67
2448 38.65
2449 38.63
2450 38.68
2451 38.64
2452 38.64
2453 38.62
2454 38.65
2455 38.65
2456 38.67
2457 38.65
2458 38.65
2459 38.66
2460 38.64
2461 38.64
2462 38.68
2463 38.62
2464 38.67
2465 38.68
2466 38.68
2467 38.63
2468 38.65
2469 38.66
2470 38.68
2471 38.69
2472 38.66
2473 38.67
2474 38.65
2475 38.68
2476 38.64
2477 38.65
2478 38.65
2479 38.67
2480 38.64
2481 38.67
2482 38.66
2483 38.65
2484 38.67
2485 38.67
2486 38.66
2487 38.66
2488 38.68
2489 38.64
2490 38.67
2491 38.67
2492 38.65
2493 38.69
2494 38.66
2495 38.68
2496 38.66
2497 38.69
2498 38.64
2499 38.65
2500 38.67
2501 38.65
2502 38.65
2503 38.68
2504 38.69
2505 38.66
2506 38.66
2507 38.68
2508 38.65
2509 38.67
2510 38.68
2511 38.67
2512 38.68
2513 38.67
2514 38.66
2515 38.70
2516 38.68
2517 38.69
2518 38.68
2519 38.68
2520 38.67
2521 38.68
2522 38.67
2523 38.69
2524 38.68
2525 38.68
2526 38.68
2527 38.68
2528 38.68
2529 38.70
2530 38.70
2531 38.69
2532 38.67
2533 38.68
2534 38.66
2535 38.67
2536 38.68
2537 38.66
2538 38.69
2539 38.69
2540 38.67
2541 38.68
2542 38.69
2543 38.69
2544 38.69
2545 38.67
2546 38.69
2547 38.68
2548 38.69
2549 38.68
2550 38.68
2551 38.68
2552 38.69
2553 38.68
2554 38.69
2555 38.68
2556 38.69
2557 38.68
2558 38.69
2559 38.69
2560 38.69
2561 38.66
2562 38.68
2563 38.68
2564 38.69
2565 38.68
2566 38.69
2567 38.70
2568 38.69
2569 38.70
2570 38.70
2571 38.68
2572 38.70
2573 38.69
2574 38.69
2575 38.68
2576 38.68
2577 38.68
2578 38.69
2579 38.69
2580 38.69
2581 38.68
2582 38.69
2583 38.70
2584 38.68
2585 38.69
2586 38.70
2587 38.68
2588 38.68
2589 38.68
2590 38.70
2591 38.69
2592 38.69
2593 38.69
2594 38.70
2595 38.70
2596 38.69
2597 38.70
2598 38.70
2599 38.70
2600 38.69
2601 38.70
2602 38.70
2603 38.70
2604 38.70
2605 38.69
2606 38.70
2607 38.70
2608 38.71
2609 38.69
2610 38.69
2611 38.70
2612 38.69
2613 38.69
2614 38.69
2615 38.71
2616 38.70
2617 38.70
2618 38.69
2619 38.70
2620 38.70
2621 38.70
2622 38.70
2623 38.70
2624 38.70
2625 38.69
2626 38.70
2627 38.70
2628 38.69
2629 38.69
2630 38.70
2631 38.69
2632 38.70
2633 38.70
2634 38.70
2635 38.70
2636 38.71
2637 38.70
2638 38.69
2639 38.70
2640 38.70
2641 38.68
2642 38.69
2643 38.70
2644 38.70
2645 38.70
2646 38.69
2647 38.70
2648 38.70
2649 38.70
2650 38.70
2651 38.70
2652 38.69
2653 38.70
2654 38.70
2655 38.70
2656 38.70
2657 38.70
2658 38.70
2659 38.70
2660 38.70
2661 38.70
2662 38.69
2663 38.70
2664 38.70
2665 38.70
2666 38.70
2667 38.70
2668 38.70
2669 38.71
2670 38.70
2671 38.70
2672 38.70
2673 38.70
2674 38.71
2675 38.69
2676 38.70
2677 38.69
2678 38.69
2679 38.70
2680 38.70
2681 38.71
2682 38.69
2683 38.70
2684 38.70
2685 38.70
2686 38.70
2687 38.70
2688 38.69
2689 38.70
2690 38.70
2691 38.70
2692 38.70
2693 38.69
2694 38.70
2695 38.70
2696 38.70
2697 38.70
2698 38.69
2699 38.70
2700 38.71
2701 38.69
2702 38.70
2703 38.70
2704 38.70
2705 38.70
2706 38.70
2707 38.71
2708 38.71
2709 38.71
2710 38.71
2711 38.70
2712 38.70
2713 38.70
2714 38.71
2715 38.70
2716 38.70
2717 38.70
2718 38.71
2719 38.69
2720 38.71
2721 38.70
2722 38.69
2723 38.70
2724 38.70
2725 38.71
2726 38.70
2727 38.70
2728 38.70
2729 38.70
2730 38.70
2731 38.71
2732 38.71
2733 38.71
2734 38.71
2735 38.71
2736 38.70
2737 38.71
2738 38.70
2739 38.70
2740 38.70
2741 38.70
2742 38.71
2743 38.70
2744 38.70
2745 38.71
2746 38.71
2747 38.71
2748 38.70
2749 38.71
2750 38.71
2751 38.71
2752 38.70
2753 38.70
2754 38.71
2755 38.70
2756 38.70
2757 38.71
2758 38.70
2759 38.70
2760 38.71
2761 38.71
2762 38.70
2763 38.70
2764 38.70
2765 38.70
2766 38.70
2767 38.70
2768 38.71
2769 38.71
2770 38.71
2771 38.70
2772 38.71
2773 38.71
2774 38.71
2775 38.70
2776 38.71
2777 38.71
2778 38.71
2779 38.71
2780 38.70
2781 38.70
2782 38.70
2783 38.71
2784 38.71
2785 38.71
2786 38.71
2787 38.71
2788 38.70
2789 38.71
2790 38.71
2791 38.71
2792 38.71
2793 38.71
2794 38.71
2795 38.71
2796 38.70
2797 38.70
2798 38.70
2799 38.71
2800 38.71
2801 38.71
2802 38.71
2803 38.71
2804 38.71
2805 38.71
2806 38.71
2807 38.71
2808 38.71
2809 38.71
2810 38.71
2811 38.71
2812 38.70
2813 38.71
2814 38.71
2815 38.70
2816 38.71
2817 38.71
2818 38.70
2819 38.71
2820 38.71
2821 38.71
2822 38.70
2823 38.70
2824 38.71
2825 38.71
2826 38.70
2827 38.70
2828 38.71
2829 38.71
2830 38.71
2831 38.71
2832 38.70
2833 38.71
2834 38.71
2835 38.71
2836 38.71
2837 38.71
2838 38.70
2839 38.71
2840 38.71
2841 38.71
2842 38.71
2843 38.71
2844 38.71
2845 38.71
2846 38.71
2847 38.71
2848 38.71
2849 38.71
2850 38.71
2851 38.71
2852 38.70
2853 38.71
2854 38.71
2855 38.71
2856 38.71
2857 38.71
2858 38.71
2859 38.71
2860 38.70
2861 38.71
2862 38.71
2863 38.71
2864 38.71
2865 38.71
2866 38.71
2867 38.71
2868 38.71
2869 38.70
2870 38.71
2871 38.71
2872 38.71
2873 38.71
2874 38.71
2875 38.71
2876 38.71
2877 38.71
2878 38.71
2879 38.71
2880 38.71
2881 38.71
2882 38.71
2883 38.71
2884 38.71
2885 38.72
2886 38.71
2887 38.71
2888 38.71
2889 38.71
2890 38.71
2891 38.71
2892 38.71
2893 38.71
2894 38.71
2895 38.71
2896 38.71
2897 38.71
2898 38.71
2899 38.71
2900 38.71
2901 38.71
2902 38.71
2903 38.71
2904 38.71
2905 38.71
2906 38.72
2907 38.71
2908 38.71
2909 38.71
2910 38.71
2911 38.71
2912 38.71
2913 38.71
2914 38.71
2915 38.71
2916 38.71
2917 38.71
2918 38.71
2919 38.71
2920 38.71
2921 38.71
2922 38.71
2923 38.71
2924 38.72
2925 38.71
2926 38.71
2927 38.71
2928 38.71
2929 38.71
2930 38.71
2931 38.71
2932 38.71
2933 38.71
2934 38.71
2935 38.71
2936 38.71
2937 38.71
2938 38.71
2939 38.71
2940 38.70
2941 38.71
2942 38.71
2943 38.71
2944 38.71
2945 38.71
2946 38.71
2947 38.71
2948 38.71
2949 38.71
2950 38.70
2951 38.71
2952 38.71
2953 38.71
2954 38.71
2955 38.71
2956 38.71
2957 38.71
2958 38.71
2959 38.71
2960 38.71
2961 38.71
2962 38.71
2963 38.71
2964 38.71
2965 38.72
2966 38.71
2967 38.72
2968 38.71
2969 38.72
2970 38.71
2971 38.71
2972 38.71
2973 38.71
2974 38.71
2975 38.71
2976 38.71
2977 38.71
2978 38.71
2979 38.71
2980 38.71
2981 38.71
2982 38.71
2983 38.71
2984 38.71
2985 38.71
2986 38.72
2987 38.71
2988 38.72
2989 38.71
2990 38.71
2991 38.71
2992 38.72
2993 38.71
2994 38.71
2995 38.71
2996 38.71
2997 38.71
2998 38.71
2999 38.72
3000 38.71
3001 38.71
3002 38.71
3003 38.71
3004 38.72
3005 38.71
3006 38.71
3007 38.71
3008 38.71
3009 38.71
3010 38.71
3011 38.71
3012 38.71
3013 38.72
3014 38.71
3015 38.71
3016 38.71
3017 38.71
3018 38.71
3019 38.71
3020 38.71
3021 38.71
3022 38.71
3023 38.71
3024 38.71
3025 38.71
3026 38.71
3027 38.72
3028 38.72
3029 38.71
3030 38.71
3031 38.72
3032 38.71
3033 38.71
3034 38.71
3035 38.72
3036 38.71
3037 38.71
3038 38.71
3039 38.72
3040 38.72
3041 38.72
3042 38.72
3043 38.72
3044 38.71
3045 38.72
3046 38.71
3047 38.71
3048 38.72
3049 38.71
3050 38.71
3051 38.73
3052 38.72
3053 38.72
3054 38.71
3055 38.71
3056 38.72
3057 38.71
3058 38.71
3059 38.71
3060 38.71
3061 38.71
3062 38.72
3063 38.73
3064 38.72
3065 38.71
3066 38.71
3067 38.73
3068 38.72
3069 38.72
3070 38.71
3071 38.72
3072 38.71
3073 38.72
3074 38.71
3075 38.72
3076 38.71
3077 38.72
3078 38.71
3079 38.71
3080 38.72
3081 38.72
3082 38.71
3083 38.71
3084 38.71
3085 38.71
3086 38.71
3087 38.71
3088 38.71
3089 38.72
3090 38.72
3091 38.72
3092 38.72
3093 38.71
3094 38.72
3095 38.72
3096 38.72
3097 38.72
3098 38.72
3099 38.72
3100 38.71
3101 38.71
3102 38.72
3103 38.71
3104 38.71
3105 38.71
3106 38.71
3107 38.72
3108 38.72
3109 38.72
3110 38.72
3111 38.71
3112 38.72
3113 38.72
3114 38.71
3115 38.72
3116 38.71
3117 38.71
3118 38.71
3119 38.71
3120 38.71
3121 38.71
3122 38.72
3123 38.72
3124 38.72
3125 38.72
3126 38.72
3127 38.72
3128 38.72
3129 38.71
3130 38.72
3131 38.71
3132 38.72
3133 38.71
3134 38.71
3135 38.72
3136 38.72
3137 38.72
3138 38.71
3139 38.71
3140 38.72
3141 38.71
3142 38.71
3143 38.72
3144 38.72
3145 38.72
3146 38.72
3147 38.72
3148 38.72
3149 38.72
3150 38.72
3151 38.71
3152 38.72
3153 38.72
3154 38.72
3155 38.72
3156 38.72
3157 38.72
3158 38.73
3159 38.71
3160 38.73
3161 38.72
3162 38.71
3163 38.71
3164 38.72
3165 38.71
3166 38.72
3167 38.73
3168 38.72
3169 38.72
3170 38.72
3171 38.71
3172 38.72
3173 38.71
3174 38.72
3175 38.72
3176 38.72
3177 38.72
3178 38.71
3179 38.72
3180 38.71
3181 38.72
3182 38.72
3183 38.73
3184 38.72
3185 38.72
3186 38.72
3187 38.71
3188 38.72
3189 38.72
3190 38.75
3191 38.72
3192 38.71
3193 38.71
3194 38.71
3195 38.72
3196 38.73
3197 38.71
3198 38.72
3199 38.72
3200 38.72
3201 38.72
3202 38.72
3203 38.72
3204 38.72
3205 38.73
3206 38.72
3207 38.71
3208 38.71
3209 38.73
3210 38.72
3211 38.72
3212 38.71
3213 38.72
3214 38.73
3215 38.71
3216 38.73
3217 38.71
3218 38.72
3219 38.71
3220 38.73
3221 38.73
3222 38.72
3223 38.72
3224 38.71
3225 38.72
3226 38.71
3227 38.72
3228 38.72
3229 38.72
3230 38.72
3231 38.71
3232 38.73
3233 38.72
3234 38.72
3235 38.71
3236 38.72
3237 38.72
3238 38.74
3239 38.72
3240 38.73
3241 38.73
3242 38.73
3243 38.73
3244 38.71
3245 38.72
3246 38.73
3247 38.72
3248 38.71
3249 38.72
3250 38.72
3251 38.71
3252 38.72
3253 38.72
3254 38.73
3255 38.73
3256 38.73
3257 38.74
3258 38.72
3259 38.72
3260 38.73
3261 38.73
3262 38.72
3263 38.71
3264 38.72
3265 38.72
3266 38.72
3267 38.71
3268 38.73
3269 38.73
3270 38.74
3271 38.72
3272 38.73
3273 38.72
3274 38.72
3275 38.75
3276 38.72
3277 38.75
3278 38.72
3279 38.73
3280 38.72
3281 38.72
3282 38.74
3283 38.73
3284 38.72
3285 38.73
3286 38.73
3287 38.72
3288 38.73
3289 38.72
3290 38.72
3291 38.72
3292 38.74
3293 38.73
3294 38.73
3295 38.72
3296 38.72
3297 38.73
3298 38.73
3299 38.73
3300 38.73
3301 38.72
3302 38.73
3303 38.72
3304 38.73
3305 38.72
3306 38.71
3307 38.72
3308 38.73
3309 38.74
3310 38.72
3311 38.72
3312 38.73
3313 38.73
3314 38.73
3315 38.74
3316 38.72
3317 38.72
3318 38.73
3319 38.73
3320 38.72
3321 38.74
3322 38.73
3323 38.72
3324 38.74
3325 38.73
3326 38.73
3327 38.73
3328 38.74
3329 38.73
3330 38.74
3331 38.73
3332 38.72
3333 38.73
3334 38.73
3335 38.72
3336 38.71
3337 38.75
3338 38.72
3339 38.72
3340 38.72
3341 38.72
3342 38.72
3343 38.72
3344 38.72
3345 38.72
3346 38.72
3347 38.72
3348 38.73
3349 38.72
3350 38.72
3351 38.75
3352 38.73
3353 38.74
3354 38.72
3355 38.73
3356 38.74
3357 38.72
3358 38.71
3359 38.73
3360 38.73
3361 38.72
3362 38.74
3363 38.72
3364 38.74
3365 38.72
3366 38.72
3367 38.71
3368 38.72
3369 38.73
3370 38.73
3371 38.73
3372 38.73
3373 38.74
3374 38.72
3375 38.74
3376 38.73
3377 38.72
3378 38.72
3379 38.73
3380 38.73
3381 38.73
3382 38.73
3383 38.74
3384 38.72
3385 38.74
3386 38.75
3387 38.74
3388 38.73
3389 38.72
3390 38.72
3391 38.75
3392 38.74
3393 38.72
3394 38.72
3395 38.73
3396 38.73
3397 38.72
3398 38.76
3399 38.74
3400 38.74
3401 38.73
3402 38.73
3403 38.75
3404 38.73
3405 38.72
3406 38.74
3407 38.72
3408 38.74
3409 38.75
3410 38.73
3411 38.72
3412 38.72
3413 38.73
3414 38.72
3415 38.72
3416 38.73
3417 38.73
3418 38.73
3419 38.73
3420 38.72
3421 38.73
3422 38.73
3423 38.73
3424 38.74
3425 38.72
3426 38.72
3427 38.74
3428 38.74
3429 38.75
3430 38.74
3431 38.73
3432 38.74
3433 38.73
3434 38.73
3435 38.74
3436 38.75
3437 38.72
3438 38.73
3439 38.75
3440 38.74
3441 38.74
3442 38.73
3443 38.74
3444 38.73
3445 38.73
3446 38.73
3447 38.72
3448 38.73
3449 38.77
3450 38.72
3451 38.73
3452 38.73
3453 38.74
3454 38.75
3455 38.73
3456 38.73
3457 38.74
3458 38.75
3459 38.74
3460 38.73
3461 38.74
3462 38.74
3463 38.75
3464 38.74
3465 38.75
3466 38.74
3467 38.74
3468 38.74
3469 38.78
3470 38.75
3471 38.74
3472 38.75
3473 38.76
3474 38.74
3475 38.73
3476 38.74
3477 38.74
3478 38.75
3479 38.74
3480 38.74
3481 38.75
3482 38.74
3483 38.73
3484 38.76
3485 38.75
3486 38.75
3487 38.75
3488 38.75
3489 38.75
3490 38.74
3491 38.73
3492 38.74
3493 38.76
3494 38.74
3495 38.73
3496 38.74
3497 38.74
3498 38.74
3499 38.75
3500 38.75
3501 38.76
3502 38.76
3503 38.76
3504 38.75
3505 38.75
3506 38.74
3507 38.76
3508 38.75
3509 38.75
3510 38.74
3511 38.74
3512 38.73
3513 38.75
3514 38.75
3515 38.74
3516 38.75
3517 38.74
3518 38.76
3519 38.75
3520 38.74
3521 38.74
3522 38.75
3523 38.73
3524 38.74
3525 38.73
3526 38.75
3527 38.75
3528 38.77
3529 38.78
3530 38.75
3531 38.76
3532 38.76
3533 38.77
3534 38.75
3535 38.77
3536 38.76
3537 38.77
3538 38.77
3539 38.77
3540 38.75
3541 38.75
3542 38.78
3543 38.77
3544 38.78
3545 38.77
3546 38.77
3547 38.77
3548 38.75
3549 38.77
3550 38.76
3551 38.73
3552 38.74
3553 38.75
3554 38.75
3555 38.78
3556 38.77
3557 38.76
3558 38.73
3559 38.76
3560 38.74
3561 38.75
3562 38.75
3563 38.77
3564 38.76
3565 38.76
3566 38.77
3567 38.75
3568 38.76
3569 38.78
3570 38.74
3571 38.75
3572 38.74
3573 38.77
3574 38.77
3575 38.75
3576 38.76
3577 38.76
3578 38.78
3579 38.78
3580 38.74
3581 38.77
3582 38.75
3583 38.77
3584 38.77
3585 38.77
3586 38.76
3587 38.77
3588 38.75
3589 38.77
3590 38.77
3591 38.76
3592 38.75
3593 38.73
3594 38.76
3595 38.76
3596 38.77
3597 38.76
3598 38.76
3599 38.77
3600 38.75
3601 38.75
3602 38.77
3603 38.78
3604 38.76
3605 38.75
3606 38.75
3607 38.76
3608 38.74
3609 38.77
3610 38.75
3611 38.76
3612 38.77
3613 38.75
3614 38.77
3615 38.76
3616 38.78
3617 38.76
3618 38.76
3619 38.78
3620 38.76
3621 38.76
3622 38.76
3623 38.77
3624 38.75
3625 38.77
3626 38.76
3627 38.75
3628 38.78
3629 38.76
3630 38.78
3631 38.78
3632 38.76
3633 38.75
3634 38.77
3635 38.74
3636 38.77
3637 38.74
3638 38.77
3639 38.79
3640 38.77
3641 38.76
3642 38.79
3643 38.77
3644 38.76
3645 38.77
3646 38.75
3647 38.76
3648 38.78
3649 38.77
3650 38.74
3651 38.77
3652 38.76
3653 38.79
3654 38.75
3655 38.75
3656 38.79
3657 38.78
3658 38.78
3659 38.78
3660 38.77
3661 38.81
3662 38.77
3663 38.77
3664 38.78
3665 38.76
3666 38.81
3667 38.74
3668 38.76
3669 38.79
3670 38.78
3671 38.74
3672 38.80
3673 38.77
3674 38.79
3675 38.78
3676 38.75
3677 38.79
3678 38.77
3679 38.76
3680 38.77
3681 38.79
3682 38.77
3683 38.79
3684 38.80
3685 38.77
3686 38.78
3687 38.78
3688 38.76
3689 38.79
3690 38.78
3691 38.79
3692 38.78
3693 38.76
3694 38.77
3695 38.76
3696 38.75
3697 38.77
3698 38.77
3699 38.79
3700 38.79
3701 38.79
3702 38.79
3703 38.79
3704 38.78
3705 38.77
3706 38.77
3707 38.75
3708 38.79
3709 38.78
3710 38.77
3711 38.78
3712 38.79
3713 38.75
3714 38.78
3715 38.79
3716 38.78
3717 38.79
3718 38.80
3719 38.79
3720 38.79
3721 38.80
3722 38.79
3723 38.79
3724 38.79
3725 38.81
3726 38.79
3727 38.81
3728 38.78
3729 38.79
3730 38.78
3731 38.80
3732 38.79
3733 38.78
3734 38.76
3735 38.79
3736 38.79
3737 38.78
3738 38.78
3739 38.78
3740 38.78
3741 38.79
3742 38.79
3743 38.78
3744 38.80
3745 38.79
3746 38.80
3747 38.78
3748 38.82
3749 38.81
3750 38.79
3751 38.81
3752 38.78
3753 38.78
3754 38.79
3755 38.81
3756 38.83
3757 38.81
3758 38.79
3759 38.84
3760 38.79
3761 38.78
3762 38.83
3763 38.82
3764 38.82
3765 38.81
3766 38.79
3767 38.81
3768 38.81
3769 38.81
3770 38.81
3771 38.80
3772 38.80
3773 38.80
3774 38.81
3775 38.78
3776 38.78
3777 38.81
3778 38.81
3779 38.82
3780 38.78
3781 38.82
3782 38.78
3783 38.76
3784 38.81
3785 38.82
3786 38.78
3787 38.83
3788 38.79
3789 38.79
3790 38.78
3791 38.78
3792 38.78
3793 38.78
3794 38.81
3795 38.80
3796 38.78
3797 38.79
3798 38.78
3799 38.80
3800 38.80
3801 38.79
3802 38.79
3803 38.80
3804 38.81
3805 38.81
3806 38.78
3807 38.83
3808 38.83
3809 38.80
3810 38.79
3811 38.82
3812 38.81
3813 38.80
3814 38.80
3815 38.77
3816 38.81
3817 38.79
3818 38.81
3819 38.82
3820 38.82
3821 38.79
3822 38.81
3823 38.82
3824 38.82
3825 38.81
3826 38.81
3827 38.81
3828 38.81
3829 38.80
3830 38.79
3831 38.80
3832 38.82
3833 38.80
3834 38.83
3835 38.79
3836 38.78
3837 38.82
3838 38.79
3839 38.81
3840 38.78
3841 38.81
3842 38.81
3843 38.82
3844 38.79
3845 38.78
3846 38.79
3847 38.82
3848 38.81
3849 38.79
3850 38.81
3851 38.82
3852 38.80
3853 38.79
3854 38.82
3855 38.79
3856 38.79
3857 38.80
3858 38.83
3859 38.79
3860 38.82
3861 38.85
3862 38.79
3863 38.82
3864 38.82
3865 38.83
3866 38.80
3867 38.82
3868 38.82
3869 38.83
3870 38.82
3871 38.82
3872 38.81
3873 38.85
3874 38.83
3875 38.81
3876 38.86
3877 38.80
3878 38.82
3879 38.81
3880 38.81
3881 38.81
3882 38.82
3883 38.85
3884 38.83
3885 38.82
3886 38.81
3887 38.80
3888 38.79
3889 38.86
3890 38.81
3891 38.82
3892 38.80
3893 38.85
3894 38.82
3895 38.82
3896 38.82
3897 38.83
3898 38.83
3899 38.82
3900 38.83
3901 38.81
3902 38.82
3903 38.83
3904 38.83
3905 38.83
3906 38.83
3907 38.81
3908 38.82
3909 38.82
3910 38.80
3911 38.83
3912 38.84
3913 38.83
3914 38.82
3915 38.83
3916 38.84
3917 38.85
3918 38.86
3919 38.83
3920 38.81
3921 38.85
3922 38.81
3923 38.83
3924 38.83
3925 38.83
3926 38.82
3927 38.83
3928 38.82
3929 38.83
3930 38.82
3931 38.82
3932 38.85
3933 38.86
3934 38.84
3935 38.81
3936 38.83
3937 38.86
3938 38.85
3939 38.85
3940 38.85
3941 38.86
3942 38.84
3943 38.82
3944 38.83
3945 38.85
3946 38.84
3947 38.84
3948 38.87
3949 38.85
3950 38.84
3951 38.83
3952 38.83
3953 38.83
3954 38.84
3955 38.83
3956 38.84
3957 38.84
3958 38.82
3959 38.83
3960 38.88
3961 38.84
3962 38.82
3963 38.84
3964 38.82
3965 38.85
3966 38.83
3967 38.86
3968 38.85
3969 38.84
3970 38.85
3971 38.85
3972 38.86
3973 38.86
3974 38.84
3975 38.88
3976 38.86
3977 38.84
3978 38.87
3979 38.86
3980 38.85
3981 38.84
3982 38.83
3983 38.87
3984 38.88
3985 38.84
3986 38.88
3987 38.85
3988 38.86
3989 38.86
3990 38.85
3991 38.86
3992 38.85
3993 38.83
3994 38.81
3995 38.84
3996 38.86
3997 38.86
3998 38.86
3999 38.85
4000 38.85
4001 38.82
4002 38.84
4003 38.86
4004 38.85
4005 38.86
4006 38.86
4007 38.85
4008 38.84
4009 38.87
4010 38.85
4011 38.85
4012 38.86
4013 38.88
4014 38.87
4015 38.84
4016 38.84
4017 38.88
4018 38.86
4019 38.85
4020 38.84
4021 38.87
4022 38.85
4023 38.87
4024 38.88
4025 38.88
4026 38.87
4027 38.87
4028 38.88
4029 38.86
4030 38.85
4031 38.85
4032 38.87
4033 38.88
4034 38.85
4035 38.83
4036 38.84
4037 38.86
4038 38.88
4039 38.85
4040 38.83
4041 38.86
4042 38.86
4043 38.82
4044 38.85
4045 38.86
4046 38.83
4047 38.86
4048 38.86
4049 38.87
4050 38.85
4051 38.87
4052 38.85
4053 38.86
4054 38.88
4055 38.88
4056 38.86
4057 38.84
4058 38.85
4059 38.88
4060 38.88
4061 38.87
4062 38.87
4063 38.87
4064 38.87
4065 38.86
4066 38.88
4067 38.86
4068 38.87
4069 38.86
4070 38.86
4071 38.86
4072 38.87
4073 38.86
4074 38.86
4075 38.87
4076 38.86
4077 38.85
4078 38.87
4079 38.85
4080 38.85
4081 38.88
4082 38.86
4083 38.86
4084 38.88
4085 38.89
4086 38.85
4087 38.89
4088 38.87
4089 38.86
4090 38.89
4091 38.90
4092 38.89
4093 38.89
4094 38.90
4095 38.86
4096 38.86
4097 38.89
4098 38.88
4099 38.87
4100 38.87
4101 38.87
4102 38.89
4103 38.88
4104 38.87
4105 38.89
4106 38.86
4107 38.84
4108 38.89
4109 38.87
4110 38.89
4111 38.88
4112 38.87
4113 38.87
4114 38.89
4115 38.89
4116 38.87
4117 38.89
4118 38.87
4119 38.89
4120 38.86
4121 38.91
4122 38.89
4123 38.86
4124 38.88
4125 38.88
4126 38.90
4127 38.89
4128 38.87
4129 38.88
4130 38.89
4131 38.87
4132 38.87
4133 38.88
4134 38.88
4135 38.88
4136 38.89
4137 38.90
4138 38.86
4139 38.90
4140 38.89
4141 38.90
4142 38.89
4143 38.90
4144 38.89
4145 38.90
4146 38.90
4147 38.87
4148 38.89
4149 38.87
4150 38.89
4151 38.89
4152 38.87
4153 38.87
4154 38.86
4155 38.88
4156 38.89
4157 38.87
4158 38.88
4159 38.87
4160 38.88
4161 38.89
4162 38.89
4163 38.91
4164 38.89
4165 38.90
4166 38.90
4167 38.89
4168 38.88
4169 38.90
4170 38.88
4171 38.90
4172 38.88
4173 38.90
4174 38.89
4175 38.87
4176 38.86
4177 38.88
4178 38.90
4179 38.91
4180 38.91
4181 38.89
4182 38.87
4183 38.91
4184 38.93
4185 38.90
4186 38.88
4187 38.88
4188 38.89
4189 38.90
4190 38.89
4191 38.88
4192 38.87
4193 38.88
4194 38.86
4195 38.89
4196 38.88
4197 38.88
4198 38.89
4199 38.89
4200 38.88
4201 38.88
4202 38.87
4203 38.88
4204 38.91
4205 38.90
4206 38.89
4207 38.89
4208 38.88
4209 38.90
4210 38.89
4211 38.88
4212 38.88
4213 38.87
4214 38.87
4215 38.91
4216 38.89
4217 38.91
4218 38.90
4219 38.91
4220 38.90
4221 38.92
4222 38.91
4223 38.88
4224 38.89
4225 38.90
4226 38.91
4227 38.88
4228 38.90
4229 38.91
4230 38.85
4231 38.90
4232 38.90
4233 38.89
4234 38.91
4235 38.90
4236 38.87
4237 38.87
4238 38.89
4239 38.91
4240 38.91
4241 38.91
4242 38.89
4243 38.90
4244 38.90
4245 38.90
4246 38.92
4247 38.92
4248 38.90
4249 38.91
4250 38.91
4251 38.91
4252 38.91
4253 38.90
4254 38.91
4255 38.89
4256 38.91
4257 38.90
4258 38.90
4259 38.90
4260 38.88
4261 38.90
4262 38.91
4263 38.89
4264 38.88
4265 38.91
4266 38.90
4267 38.89
4268 38.90
4269 38.90
4270 38.90
4271 38.91
4272 38.89
4273 38.91
4274 38.93
4275 38.89
4276 38.90
4277 38.90
4278 38.91
4279 38.90
4280 38.91
4281 38.91
4282 38.91
4283 38.89
4284 38.91
4285 38.87
4286 38.92
4287 38.88
4288 38.90
4289 38.91
4290 38.88
4291 38.92
4292 38.89
4293 38.89
4294 38.91
4295 38.89
4296 38.90
4297 38.91
4298 38.90
4299 38.92
4300 38.90
4301 38.91
4302 38.90
4303 38.91
4304 38.90
4305 38.89
4306 38.90
4307 38.90
4308 38.91
4309 38.91
4310 38.89
4311 38.91
4312 38.90
4313 38.91
4314 38.91
4315 38.90
4316 38.91
4317 38.92
4318 38.91
4319 38.90
4320 38.90
4321 38.91
4322 38.91
4323 38.92
4324 38.90
4325 38.92
4326 38.92
4327 38.92
4328 38.91
4329 38.90
4330 38.89
4331 38.91
4332 38.91
4333 38.91
4334 38.91
4335 38.92
4336 38.91
4337 38.92
4338 38.91
4339 38.92
4340 38.91
4341 38.90
4342 38.90
4343 38.91
4344 38.91
4345 38.91
4346 38.90
4347 38.91
4348 38.92
4349 38.90
4350 38.91
4351 38.91
4352 38.91
4353 38.90
4354 38.91
4355 38.90
4356 38.91
4357 38.90
4358 38.92
4359 38.91
4360 38.90
4361 38.93
4362 38.89
4363 38.90
4364 38.91
4365 38.89
4366 38.91
4367 38.91
4368 38.91
4369 38.90
4370 38.92
4371 38.90
4372 38.93
4373 38.90
4374 38.91
4375 38.91
4376 38.91
4377 38.91
4378 38.92
4379 38.92
4380 38.93
4381 38.92
4382 38.90
4383 38.92
4384 38.93
4385 38.92
4386 38.92
4387 38.91
4388 38.91
4389 38.92
4390 38.92
4391 38.93
4392 38.93
4393 38.91
4394 38.90
4395 38.93
4396 38.93
4397 38.91
4398 38.91
4399 38.91
4400 38.91
4401 38.90
4402 38.92
4403 38.91
4404 38.93
4405 38.92
4406 38.92
4407 38.93
4408 38.92
4409 38.91
4410 38.92
4411 38.93
4412 38.92
4413 38.91
4414 38.91
4415 38.93
4416 38.91
4417 38.93
4418 38.92
4419 38.93
4420 38.92
4421 38.91
4422 38.92
4423 38.92
4424 38.93
4425 38.91
4426 38.91
4427 38.92
4428 38.92
4429 38.91
4430 38.92
4431 38.92
4432 38.91
4433 38.92
4434 38.93
4435 38.92
4436 38.92
4437 38.93
4438 38.92
4439 38.93
4440 38.93
4441 38.92
4442 38.92
4443 38.89
4444 38.92
4445 38.90
4446 38.91
4447 38.93
4448 38.92
4449 38.91
4450 38.91
4451 38.92
4452 38.91
4453 38.93
4454 38.91
4455 38.92
4456 38.92
4457 38.93
4458 38.93
4459 38.92
4460 38.91
4461 38.92
4462 38.91
4463 38.93
4464 38.92
4465 38.93
4466 38.93
4467 38.92
4468 38.92
4469 38.93
4470 38.93
4471 38.93
4472 38.92
4473 38.91
4474 38.92
4475 38.93
4476 38.91
4477 38.91
4478 38.91
4479 38.93
4480 38.93
4481 38.92
4482 38.93
4483 38.91
4484 38.93
4485 38.92
4486 38.93
4487 38.93
4488 38.92
4489 38.91
4490 38.92
4491 38.91
4492 38.93
4493 38.92
4494 38.93
4495 38.91
4496 38.93
4497 38.91
4498 38.93
4499 38.90
4500 38.93
4501 38.93
4502 38.93
4503 38.93
4504 38.93
4505 38.93
4506 38.93
4507 38.92
4508 38.93
4509 38.93
4510 38.93
4511 38.92
4512 38.92
4513 38.93
4514 38.92
4515 38.93
4516 38.93
4517 38.92
4518 38.92
4519 38.93
4520 38.92
4521 38.92
4522 38.93
4523 38.93
4524 38.94
4525 38.93
4526 38.93
4527 38.93
4528 38.91
4529 38.93
4530 38.93
4531 38.93
4532 38.92
4533 38.92
4534 38.93
4535 38.93
4536 38.93
4537 38.91
4538 38.91
4539 38.93
4540 38.93
4541 38.93
4542 38.91
4543 38.92
4544 38.93
4545 38.93
4546 38.92
4547 38.93
4548 38.93
4549 38.93
4550 38.93
4551 38.92
4552 38.93
4553 38.93
4554 38.93
4555 38.92
4556 38.93
4557 38.92
4558 38.93
4559 38.93
4560 38.93
4561 38.93
4562 38.93
4563 38.93
4564 38.93
4565 38.92
4566 38.91
4567 38.94
4568 38.92
4569 38.93
4570 38.93
4571 38.93
4572 38.92
4573 38.93
4574 38.93
4575 38.93
4576 38.93
4577 38.93
4578 38.93
4579 38.91
4580 38.93
4581 38.93
4582 38.93
4583 38.93
4584 38.92
4585 38.93
4586 38.93
4587 38.93
4588 38.93
4589 38.91
4590 38.93
4591 38.92
4592 38.93
4593 38.93
4594 38.94
4595 38.93
4596 38.94
4597 38.93
4598 38.93
4599 38.92
4600 38.93
4601 38.93
4602 38.93
4603 38.93
4604 38.93
4605 38.92
4606 38.93
4607 38.93
4608 38.93
4609 38.93
4610 38.93
4611 38.93
4612 38.93
4613 38.93
4614 38.92
4615 38.93
4616 38.93
4617 38.94
4618 38.93
4619 38.93
4620 38.93
4621 38.93
4622 38.93
4623 38.93
4624 38.92
4625 38.93
4626 38.92
4627 38.93
4628 38.92
4629 38.93
4630 38.91
4631 38.94
4632 38.93
4633 38.94
4634 38.93
4635 38.93
4636 38.92
4637 38.92
4638 38.92
4639 38.93
4640 38.94
4641 38.92
4642 38.92
4643 38.93
4644 38.93
4645 38.92
4646 38.93
4647 38.93
4648 38.93
4649 38.94
4650 38.93
4651 38.94
4652 38.93
4653 38.93
4654 38.92
4655 38.94
4656 38.93
4657 38.93
4658 38.93
4659 38.93
4660 38.93
4661 38.92
4662 38.93
4663 38.93
4664 38.93
4665 38.91
4666 38.93
4667 38.94
4668 38.94
4669 38.93
4670 38.93
4671 38.93
4672 38.93
4673 38.93
4674 38.94
4675 38.93
4676 38.93
4677 38.93
4678 38.93
4679 38.94
4680 38.93
4681 38.93
4682 38.93
4683 38.92
4684 38.93
4685 38.93
4686 38.93
4687 38.93
4688 38.93
4689 38.93
4690 38.93
4691 38.91
4692 38.93
4693 38.93
4694 38.93
4695 38.93
4696 38.93
4697 38.93
4698 38.93
4699 38.93
4700 38.94
4701 38.94
4702 38.93
4703 38.94
4704 38.93
4705 38.93
4706 38.93
4707 38.93
4708 38.93
4709 38.93
4710 38.93
4711 38.93
4712 38.93
4713 38.93
4714 38.93
4715 38.93
4716 38.93
4717 38.94
4718 38.93
4719 38.93
4720 38.93
4721 38.92
4722 38.93
4723 38.94
4724 38.93
4725 38.93
4726 38.93
4727 38.93
4728 38.93
4729 38.93
4730 38.94
4731 38.93
4732 38.93
4733 38.93
4734 38.93
4735 38.93
4736 38.93
4737 38.93
4738 38.92
4739 38.94
4740 38.93
4741 38.93
4742 38.92
4743 38.94
4744 38.94
4745 38.94
4746 38.93
4747 38.93
4748 38.93
4749 38.93
4750 38.93
4751 38.94
4752 38.93
4753 38.92
4754 38.94
4755 38.93
4756 38.93
4757 38.93
4758 38.93
4759 38.93
4760 38.93
4761 38.93
4762 38.94
4763 38.93
4764 38.94
4765 38.94
4766 38.93
4767 38.93
4768 38.93
4769 38.93
4770 38.93
4771 38.93
4772 38.93
4773 38.93
4774 38.93
4775 38.93
4776 38.93
4777 38.94
4778 38.93
4779 38.94
4780 38.94
4781 38.93
4782 38.94
4783 38.93
4784 38.94
4785 38.93
4786 38.93
4787 38.94
4788 38.94
4789 38.93
4790 38.93
4791 38.94
4792 38.93
4793 38.94
4794 38.94
4795 38.94
4796 38.94
4797 38.93
4798 38.93
4799 38.93
4800 38.94
4801 38.94
4802 38.94
4803 38.93
4804 38.93
4805 38.93
4806 38.93
4807 38.93
4808 38.93
4809 38.93
4810 38.93
4811 38.93
4812 38.94
4813 38.93
4814 38.93
4815 38.93
4816 38.94
4817 38.92
4818 38.93
4819 38.93
4820 38.93
4821 38.93
4822 38.94
4823 38.94
4824 38.93
4825 38.93
4826 38.94
4827 38.93
4828 38.93
4829 38.92
4830 38.94
4831 38.92
4832 38.93
4833 38.93
4834 38.92
4835 38.93
4836 38.93
4837 38.94
4838 38.93
4839 38.94
4840 38.93
4841 38.93
4842 38.93
4843 38.93
4844 38.94
4845 38.93
4846 38.93
4847 38.94
4848 38.94
4849 38.93
4850 38.93
4851 38.94
4852 38.94
4853 38.93
4854 38.93
4855 38.93
4856 38.93
4857 38.94
4858 38.93
4859 38.94
4860 38.93
4861 38.93
4862 38.93
4863 38.93
4864 38.93
4865 38.94
4866 38.94
4867 38.93
4868 38.93
4869 38.93
4870 38.93
4871 38.93
4872 38.93
4873 38.94
4874 38.94
4875 38.92
4876 38.93
4877 38.93
4878 38.93
4879 38.93
4880 38.93
4881 38.93
4882 38.94
4883 38.94
4884 38.94
4885 38.94
4886 38.93
4887 38.93
4888 38.93
4889 38.93
4890 38.93
4891 38.93
4892 38.93
4893 38.94
4894 38.93
4895 38.93
4896 38.93
4897 38.93
4898 38.94
4899 38.93
4900 38.94
4901 38.93
4902 38.94
4903 38.94
4904 38.93
4905 38.94
4906 38.93
4907 38.94
4908 38.93
4909 38.94
4910 38.93
4911 38.92
4912 38.92
4913 38.93
4914 38.93
4915 38.94
4916 38.93
4917 38.93
4918 38.94
4919 38.94
4920 38.93
4921 38.93
4922 38.93
4923 38.93
4924 38.93
4925 38.94
4926 38.93
4927 38.93
4928 38.93
4929 38.93
4930 38.93
4931 38.94
4932 38.93
4933 38.93
4934 38.93
4935 38.93
4936 38.93
4937 38.94
4938 38.93
4939 38.93
4940 38.94
4941 38.93
4942 38.94
4943 38.94
4944 38.92
4945 38.94
4946 38.93
4947 38.93
4948 38.94
4949 38.92
4950 38.93
4951 38.94
4952 38.94
4953 38.93
4954 38.94
4955 38.93
4956 38.94
4957 38.93
4958 38.94
4959 38.94
4960 38.93
4961 38.94
4962 38.93
4963 38.93
4964 38.93
4965 38.93
4966 38.94
4967 38.93
4968 38.93
4969 38.93
4970 38.93
4971 38.94
4972 38.94
4973 38.93
4974 38.94
4975 38.93
4976 38.94
4977 38.93
4978 38.93
4979 38.94
4980 38.93
4981 38.94
4982 38.94
4983 38.94
4984 38.94
4985 38.93
4986 38.93
4987 38.93
4988 38.93
4989 38.94
4990 38.93
4991 38.93
4992 38.94
4993 38.93
4994 38.94
4995 38.93
4996 38.93
4997 38.94
4998 38.94
4999 38.93
5000 38.93
5001 38.93
5002 38.93
5003 38.93
5004 38.93
5005 38.94
5006 38.93
5007 38.93
5008 38.94
5009 38.94
5010 38.94
5011 38.93
5012 38.93
5013 38.93
5014 38.93
5015 38.94
5016 38.94
5017 38.94
5018 38.93
5019 38.93
5020 38.94
5021 38.94
5022 38.94
5023 38.93
5024 38.94
5025 38.94
5026 38.94
5027 38.94
5028 38.93
5029 38.93
5030 38.94
5031 38.94
5032 38.94
5033 38.93
5034 38.94
5035 38.93
5036 38.94
5037 38.94
5038 38.94
5039 38.93
5040 38.94
5041 38.93
5042 38.93
5043 38.94
5044 38.94
5045 38.93
5046 38.94
5047 38.94
5048 38.94
5049 38.94
5050 38.94
5051 38.94
5052 38.94
5053 38.94
5054 38.94
5055 38.93
5056 38.94
5057 38.94
5058 38.94
5059 38.93
5060 38.94
5061 38.93
5062 38.94
5063 38.94
5064 38.93
5065 38.94
5066 38.94
5067 38.94
5068 38.94
5069 38.93
5070 38.94
5071 38.94
5072 38.93
5073 38.93
5074 38.94
5075 38.93
5076 38.93
5077 38.94
5078 38.94
5079 38.94
5080 38.93
5081 38.93
5082 38.93
5083 38.94
5084 38.94
5085 38.93
5086 38.94
5087 38.94
5088 38.94
5089 38.94
5090 38.93
5091 38.94
5092 38.94
5093 38.93
5094 38.93
5095 38.94
5096 38.94
5097 38.94
5098 38.94
5099 38.94
5100 38.93
5101 38.93
5102 38.94
5103 38.94
5104 38.94
5105 38.94
5106 38.94
5107 38.93
5108 38.94
5109 38.94
5110 38.93
5111 38.93
5112 38.94
5113 38.93
5114 38.94
5115 38.93
5116 38.94
5117 38.93
5118 38.94
5119 38.94
5120 38.94
5121 38.94
5122 38.94
5123 38.93
5124 38.94
5125 38.94
5126 38.94
5127 38.94
5128 38.94
5129 38.93
5130 38.94
5131 38.94
5132 38.93
5133 38.94
5134 38.93
5135 38.94
5136 38.94
5137 38.94
5138 38.93
5139 38.94
5140 38.94
5141 38.94
5142 38.94
5143 38.94
5144 38.94
5145 38.94
5146 38.94
5147 38.94
5148 38.93
5149 38.94
5150 38.94
5151 38.94
5152 38.93
5153 38.94
5154 38.94
5155 38.94
5156 38.93
5157 38.94
5158 38.94
5159 38.94
5160 38.94
5161 38.94
5162 38.93
5163 38.94
5164 38.94
5165 38.93
5166 38.94
5167 38.94
5168 38.94
5169 38.94
5170 38.94
5171 38.94
5172 38.94
5173 38.93
5174 38.94
5175 38.94
5176 38.94
5177 38.94
5178 38.94
5179 38.94
5180 38.94
5181 38.93
5182 38.94
5183 38.94
5184 38.94
5185 38.94
5186 38.94
5187 38.93
5188 38.94
5189 38.94
5190 38.94
5191 38.94
5192 38.94
5193 38.94
5194 38.94
5195 38.94
5196 38.93
5197 38.94
5198 38.94
5199 38.94
5200 38.94
5201 38.94
5202 38.94
5203 38.94
5204 38.94
5205 38.94
5206 38.94
5207 38.94
5208 38.94
5209 38.94
5210 38.93
5211 38.94
5212 38.94
5213 38.94
5214 38.94
5215 38.94
5216 38.94
5217 38.93
5218 38.94
5219 38.94
5220 38.94
5221 38.94
5222 38.93
5223 38.94
5224 38.94
5225 38.94
5226 38.94
5227 38.94
5228 38.94
5229 38.94
5230 38.94
5231 38.94
5232 38.93
5233 38.94
5234 38.93
5235 38.94
5236 38.94
5237 38.93
5238 38.94
5239 38.94
5240 38.94
5241 38.94
5242 38.94
5243 38.93
5244 38.94
5245 38.94
5246 38.94
5247 38.94
5248 38.94
5249 38.93
5250 38.94
5251 38.94
5252 38.94
5253 38.94
5254 38.93
5255 38.94
5256 38.94
5257 38.94
5258 38.94
5259 38.94
5260 38.94
5261 38.94
5262 38.94
5263 38.94
5264 38.94
5265 38.93
5266 38.94
5267 38.94
5268 38.94
5269 38.94
5270 38.94
5271 38.94
5272 38.94
5273 38.94
5274 38.94
5275 38.94
5276 38.94
5277 38.94
5278 38.94
5279 38.94
5280 38.94
5281 38.94
5282 38.94
5283 38.94
5284 38.94
5285 38.94
5286 38.94
5287 38.94
5288 38.94
5289 38.94
5290 38.94
5291 38.94
5292 38.94
5293 38.94
5294 38.93
5295 38.94
5296 38.94
5297 38.93
5298 38.94
5299 38.94
5300 38.94
5301 38.93
5302 38.94
5303 38.94
5304 38.94
5305 38.94
5306 38.94
5307 38.94
5308 38.94
5309 38.94
5310 38.94
5311 38.94
5312 38.94
5313 38.94
5314 38.94
5315 38.94
5316 38.94
5317 38.94
5318 38.94
5319 38.94
5320 38.94
5321 38.94
5322 38.94
5323 38.94
5324 38.94
5325 38.94
5326 38.94
5327 38.94
5328 38.94
5329 38.94
5330 38.94
5331 38.94
5332 38.94
5333 38.94
5334 38.94
5335 38.94
5336 38.94
5337 38.94
5338 38.94
5339 38.94
5340 38.94
5341 38.94
5342 38.94
5343 38.94
5344 38.94
5345 38.94
5346 38.94
5347 38.94
5348 38.94
5349 38.94
5350 38.94
5351 38.94
5352 38.94
5353 38.94
5354 38.94
5355 38.93
5356 38.94
5357 38.94
5358 38.94
5359 38.94
5360 38.94
5361 38.93
5362 38.94
5363 38.94
5364 38.94
5365 38.94
5366 38.94
5367 38.94
5368 38.93
5369 38.94
5370 38.94
5371 38.94
5372 38.94
5373 38.94
5374 38.94
5375 38.94
5376 38.94
5377 38.94
5378 38.94
5379 38.94
5380 38.94
5381 38.94
5382 38.94
5383 38.94
5384 38.94
5385 38.94
5386 38.94
5387 38.94
5388 38.94
5389 38.94
5390 38.94
5391 38.94
5392 38.94
5393 38.94
5394 38.94
5395 38.94
5396 38.94
5397 38.94
5398 38.94
5399 38.94
5400 38.94
5401 38.94
5402 38.94
5403 38.94
5404 38.94
5405 38.94
5406 38.94
5407 38.94
5408 38.94
5409 38.94
5410 38.94
5411 38.94
5412 38.94
5413 38.94
5414 38.94
5415 38.93
5416 38.94
5417 38.94
5418 38.94
5419 38.94
5420 38.94
5421 38.94
5422 38.94
5423 38.94
5424 38.94
5425 38.94
5426 38.94
5427 38.94
5428 38.94
5429 38.94
5430 38.94
5431 38.94
5432 38.94
5433 38.94
5434 38.94
5435 38.94
5436 38.94
5437 38.94
5438 38.94
5439 38.94
5440 38.94
5441 38.94
5442 38.94
5443 38.94
5444 38.94
5445 38.94
5446 38.94
5447 38.93
5448 38.94
5449 38.94
5450 38.94
5451 38.94
5452 38.94
5453 38.94
5454 38.94
5455 38.94
5456 38.94
5457 38.94
5458 38.94
5459 38.94
5460 38.94
5461 38.95
5462 38.93
5463 38.94
5464 38.94
5465 38.94
5466 38.94
5467 38.93
5468 38.94
5469 38.94
5470 38.94
5471 38.94
5472 38.94
5473 38.94
5474 38.94
5475 38.94
5476 38.94
5477 38.94
5478 38.94
5479 38.94
5480 38.94
5481 38.94
5482 38.95
5483 38.94
5484 38.94
5485 38.94
5486 38.94
5487 38.94
5488 38.94
5489 38.94
5490 38.94
5491 38.94
5492 38.94
5493 38.94
5494 38.94
5495 38.94
5496 38.94
5497 38.94
5498 38.94
5499 38.94
5500 38.94
5501 38.94
5502 38.94
5503 38.94
5504 38.94
5505 38.94
5506 38.94
5507 38.94
5508 38.94
5509 38.94
5510 38.94
5511 38.94
5512 38.94
5513 38.94
5514 38.94
5515 38.94
5516 38.94
5517 38.94
5518 38.94
5519 38.94
5520 38.94
5521 38.94
5522 38.94
5523 38.94
5524 38.94
5525 38.94
5526 38.94
5527 38.94
5528 38.94
5529 38.94
5530 38.94
5531 38.93
5532 38.94
5533 38.94
5534 38.94
5535 38.94
5536 38.94
5537 38.94
5538 38.94
5539 38.94
5540 38.94
5541 38.94
5542 38.94
5543 38.94
5544 38.94
5545 38.94
5546 38.94
5547 38.94
5548 38.94
5549 38.94
5550 38.94
5551 38.94
5552 38.94
5553 38.94
5554 38.94
5555 38.94
5556 38.94
5557 38.94
5558 38.94
5559 38.94
5560 38.94
5561 38.94
5562 38.94
5563 38.94
5564 38.94
5565 38.95
5566 38.94
5567 38.94
5568 38.94
5569 38.94
5570 38.94
5571 38.94
5572 38.94
5573 38.94
5574 38.94
5575 38.94
5576 38.94
5577 38.95
5578 38.94
5579 38.94
5580 38.94
5581 38.95
5582 38.94
5583 38.94
5584 38.94
5585 38.94
5586 38.94
5587 38.94
5588 38.94
5589 38.94
5590 38.93
5591 38.94
5592 38.94
5593 38.94
5594 38.94
5595 38.93
5596 38.94
5597 38.94
5598 38.94
5599 38.94
5600 38.94
5601 38.95
5602 38.94
5603 38.94
5604 38.94
5605 38.94
5606 38.94
5607 38.94
5608 38.94
5609 38.94
5610 38.94
5611 38.94
5612 38.94
5613 38.94
5614 38.94
5615 38.94
5616 38.94
5617 38.94
5618 38.94
5619 38.93
5620 38.94
5621 38.94
5622 38.94
5623 38.94
5624 38.94
5625 38.94
5626 38.94
5627 38.94
5628 38.94
5629 38.94
5630 38.94
5631 38.94
5632 38.94
5633 38.94
5634 38.94
5635 38.94
5636 38.94
5637 38.94
5638 38.95
5639 38.94
5640 38.94
5641 38.94
5642 38.94
5643 38.94
5644 38.94
5645 38.94
5646 38.95
5647 38.94
5648 38.94
5649 38.94
5650 38.94
5651 38.94
5652 38.94
5653 38.94
5654 38.94
5655 38.94
5656 38.94
5657 38.94
5658 38.94
5659 38.93
5660 38.95
5661 38.94
5662 38.94
5663 38.94
5664 38.94
5665 38.94
5666 38.93
5667 38.94
5668 38.94
5669 38.95
5670 38.94
5671 38.94
5672 38.94
5673 38.94
5674 38.94
5675 38.94
5676 38.94
5677 38.94
5678 38.94
5679 38.94
5680 38.94
5681 38.94
5682 38.94
5683 38.94
5684 38.94
5685 38.94
5686 38.94
5687 38.94
5688 38.94
5689 38.94
5690 38.94
5691 38.94
5692 38.94
5693 38.94
5694 38.94
5695 38.94
5696 38.94
5697 38.94
5698 38.94
5699 38.94
5700 38.94
5701 38.94
5702 38.94
5703 38.94
5704 38.94
5705 38.94
5706 38.94
5707 38.94
5708 38.94
5709 38.94
5710 38.94
5711 38.95
5712 38.94
5713 38.94
5714 38.94
5715 38.94
5716 38.94
5717 38.94
5718 38.94
5719 38.94
5720 38.94
5721 38.94
5722 38.94
5723 38.94
5724 38.94
5725 38.94
5726 38.94
5727 38.94
5728 38.94
5729 38.94
5730 38.94
5731 38.94
5732 38.94
5733 38.94
5734 38.94
5735 38.94
5736 38.94
5737 38.94
5738 38.94
5739 38.94
5740 38.94
5741 38.94
5742 38.94
5743 38.94
5744 38.94
5745 38.94
5746 38.94
5747 38.94
5748 38.94
5749 38.95
5750 38.94
5751 38.94
5752 38.94
5753 38.95
5754 38.94
5755 38.94
5756 38.94
5757 38.94
5758 38.94
5759 38.94
5760 38.94
5761 38.94
5762 38.94
5763 38.94
5764 38.94
5765 38.94
5766 38.94
5767 38.95
5768 38.94
5769 38.93
5770 38.94
5771 38.94
5772 38.94
5773 38.94
5774 38.94
5775 38.94
5776 38.94
5777 38.94
5778 38.94
5779 38.94
5780 38.94
5781 38.94
5782 38.94
5783 38.94
5784 38.95
5785 38.94
5786 38.94
5787 38.94
5788 38.94
5789 38.94
5790 38.94
5791 38.94
5792 38.94
5793 38.94
5794 38.94
5795 38.94
5796 38.94
5797 38.95
5798 38.94
5799 38.95
5800 38.94
5801 38.94
5802 38.94
5803 38.94
5804 38.94
5805 38.94
5806 38.94
5807 38.94
5808 38.94
5809 38.94
5810 38.94
5811 38.94
5812 38.94
5813 38.94
5814 38.94
5815 38.94
5816 38.94
5817 38.94
5818 38.94
5819 38.94
5820 38.94
5821 38.94
5822 38.94
5823 38.94
5824 38.94
5825 38.94
5826 38.94
5827 38.94
5828 38.95
5829 38.94
5830 38.94
5831 38.94
5832 38.94
5833 38.94
5834 38.95
5835 38.94
5836 38.95
5837 38.94
5838 38.94
5839 38.94
5840 38.95
5841 38.94
5842 38.94
5843 38.94
5844 38.94
5845 38.94
5846 38.94
5847 38.94
5848 38.95
5849 38.94
5850 38.94
5851 38.94
5852 38.94
5853 38.95
5854 38.95
5855 38.94
5856 38.94
5857 38.94
5858 38.94
5859 38.94
5860 38.94
5861 38.94
5862 38.94
5863 38.94
5864 38.95
5865 38.94
5866 38.94
5867 38.94
5868 38.94
5869 38.94
5870 38.94
5871 38.94
5872 38.94
5873 38.94
5874 38.94
5875 38.94
5876 38.94
5877 38.94
5878 38.94
5879 38.94
5880 38.94
5881 38.95
5882 38.94
5883 38.94
5884 38.94
5885 38.94
5886 38.95
5887 38.94
5888 38.94
5889 38.94
5890 38.95
5891 38.94
5892 38.94
5893 38.94
5894 38.94
5895 38.94
5896 38.94
5897 38.94
5898 38.94
5899 38.95
5900 38.94
5901 38.95
5902 38.95
5903 38.94
5904 38.94
5905 38.94
5906 38.94
5907 38.94
5908 38.94
5909 38.94
5910 38.94
5911 38.94
5912 38.94
5913 38.95
5914 38.95
5915 38.95
5916 38.94
5917 38.95
5918 38.94
5919 38.95
5920 38.94
5921 38.95
5922 38.94
5923 38.95
5924 38.94
5925 38.95
5926 38.94
5927 38.95
5928 38.94
5929 38.94
5930 38.94
5931 38.94
5932 38.94
5933 38.94
5934 38.94
5935 38.95
5936 38.94
5937 38.95
5938 38.94
5939 38.94
5940 38.94
5941 38.94
5942 38.94
5943 38.94
5944 38.94
5945 38.94
5946 38.94
5947 38.94
5948 38.94
5949 38.94
5950 38.94
5951 38.95
5952 38.94
5953 38.94
5954 38.94
5955 38.95
5956 38.94
5957 38.94
5958 38.95
5959 38.94
5960 38.94
5961 38.95
5962 38.94
5963 38.94
5964 38.95
5965 38.95
5966 38.94
5967 38.94
5968 38.95
5969 38.95
5970 38.95
5971 38.95
5972 38.94
5973 38.94
5974 38.94
5975 38.95
5976 38.94
5977 38.94
5978 38.95
5979 38.94
5980 38.96
5981 38.94
5982 38.95
5983 38.94
5984 38.95
5985 38.95
5986 38.94
5987 38.95
5988 38.95
5989 38.94
5990 38.95
5991 38.94
5992 38.95
5993 38.94
5994 38.94
5995 38.94
5996 38.95
5997 38.95
5998 38.95
5999 38.95
6000 38.95
6001 38.94
6002 38.95
6003 38.94
6004 38.95
6005 38.94
6006 38.94
6007 38.95
6008 38.94
6009 38.95
6010 38.94
6011 38.94
6012 38.95
6013 38.95
6014 38.94
6015 38.95
6016 38.94
6017 38.94
6018 38.94
6019 38.95
6020 38.95
6021 38.95
6022 38.94
6023 38.95
6024 38.94
6025 38.95
6026 38.94
6027 38.95
6028 38.95
6029 38.95
6030 38.95
6031 38.94
6032 38.95
6033 38.97
6034 38.94
6035 38.95
6036 38.95
6037 38.95
6038 38.95
6039 38.94
6040 38.94
6041 38.96
6042 38.95
6043 38.95
6044 38.96
6045 38.94
6046 38.95
6047 38.94
6048 38.95
6049 38.94
6050 38.95
6051 38.94
6052 38.95
6053 38.94
6054 38.94
6055 38.95
6056 38.94
6057 38.95
6058 38.94
6059 38.95
6060 38.95
6061 38.94
6062 38.95
6063 38.94
6064 38.94
6065 38.94
6066 38.95
6067 38.95
6068 38.95
6069 38.94
6070 38.95
6071 38.94
6072 38.94
6073 38.95
6074 38.95
6075 38.94
6076 38.95
6077 38.96
6078 38.94
6079 38.95
6080 38.95
6081 38.95
6082 38.95
6083 38.96
6084 38.96
6085 38.95
6086 38.96
6087 38.95
6088 38.95
6089 38.94
6090 38.96
6091 38.94
6092 38.95
6093 38.95
6094 38.94
6095 38.95
6096 38.95
6097 38.95
6098 38.95
6099 38.94
6100 38.95
6101 38.94
6102 38.95
6103 38.95
6104 38.94
6105 38.95
6106 38.94
6107 38.94
6108 38.96
6109 38.95
6110 38.95
6111 38.94
6112 38.94
6113 38.95
6114 38.94
6115 38.95
6116 38.96
6117 38.94
6118 38.94
6119 38.95
6120 38.96
6121 38.96
6122 38.94
6123 38.95
6124 38.95
6125 38.95
6126 38.94
6127 38.95
6128 38.94
6129 38.94
6130 38.95
6131 38.95
6132 38.95
6133 38.95
6134 38.94
6135 38.96
6136 38.95
6137 38.95
6138 38.95
6139 38.95
6140 38.95
6141 38.95
6142 38.95
6143 38.95
6144 38.94
6145 38.94
6146 38.95
6147 38.95
6148 38.96
6149 38.95
6150 38.95
6151 38.95
6152 38.96
6153 38.94
6154 38.94
6155 38.94
6156 38.94
6157 38.94
6158 38.95
6159 38.96
6160 38.98
6161 38.95
6162 38.95
6163 38.94
6164 38.96
6165 38.96
6166 38.94
6167 38.95
6168 38.96
6169 38.95
6170 38.96
6171 38.95
6172 38.95
6173 38.95
6174 38.96
6175 38.95
6176 38.96
6177 38.96
6178 38.95
6179 38.95
6180 38.96
6181 38.96
6182 38.96
6183 38.94
6184 38.95
6185 38.94
6186 38.94
6187 38.97
6188 38.95
6189 38.96
6190 38.96
6191 38.96
6192 38.95
6193 38.95
6194 38.96
6195 38.95
6196 38.95
6197 38.96
6198 38.96
6199 38.94
6200 38.95
6201 38.95
6202 38.95
6203 38.95
6204 38.95
6205 38.96
6206 38.95
6207 38.95
6208 38.96
6209 38.94
6210 38.96
6211 38.96
6212 38.95
6213 38.95
6214 38.94
6215 38.95
6216 38.95
6217 38.95
6218 38.95
6219 38.95
6220 38.95
6221 38.96
6222 38.94
6223 38.95
6224 38.95
6225 38.95
6226 38.95
6227 38.96
6228 38.96
6229 38.96
6230 38.94
6231 38.95
6232 38.96
6233 38.98
6234 38.97
6235 38.95
6236 38.94
6237 38.96
6238 38.96
6239 38.95
6240 38.96
6241 38.95
6242 38.96
6243 38.95
6244 38.95
6245 38.95
6246 38.96
6247 38.95
6248 38.98
6249 38.97
6250 38.97
6251 38.95
6252 38.96
6253 38.95
6254 38.95
6255 38.97
6256 38.96
6257 38.96
6258 38.97
6259 38.96
6260 38.95
6261 38.94
6262 38.97
6263 38.97
6264 38.97
6265 38.97
6266 38.95
6267 38.96
6268 38.97
6269 38.95
6270 38.95
6271 38.95
6272 38.95
6273 38.95
6274 38.96
6275 38.98
6276 38.96
6277 38.95
6278 38.98
6279 38.96
6280 38.95
6281 38.96
6282 38.97
6283 38.95
6284 38.98
6285 38.96
6286 38.96
6287 38.95
6288 38.95
6289 38.96
6290 38.97
6291 38.95
6292 38.96
6293 38.96
6294 38.95
6295 38.96
6296 38.97
6297 38.95
6298 38.95
6299 38.95
6300 38.95
6301 38.97
6302 38.94
6303 38.98
6304 38.95
6305 38.96
6306 38.99
6307 38.96
6308 38.96
6309 38.98
6310 38.96
6311 38.97
6312 38.97
6313 38.98
6314 38.96
6315 38.97
6316 38.98
6317 38.95
6318 38.97
6319 38.96
6320 38.96
6321 38.98
6322 38.96
6323 38.98
6324 38.96
6325 39.00
6326 38.97
6327 38.98
6328 38.96
6329 38.99
6330 38.97
6331 38.98
6332 38.96
6333 38.96
6334 38.97
6335 38.98
6336 38.98
6337 38.96
6338 38.98
6339 38.97
6340 38.99
6341 38.96
6342 38.99
6343 38.98
6344 38.96
6345 38.96
6346 38.96
6347 38.98
6348 38.96
6349 38.97
6350 38.97
6351 38.99
6352 39.02
6353 38.96
6354 38.96
6355 38.98
6356 38.96
6357 38.96
6358 38.99
6359 38.97
6360 38.98
6361 38.96
6362 38.96
6363 38.97
6364 38.97
6365 38.97
6366 38.97
6367 38.96
6368 38.98
6369 38.98
6370 39.00
6371 38.96
6372 38.96
6373 38.96
6374 38.95
6375 38.96
6376 38.96
6377 38.97
6378 38.99
6379 38.97
6380 38.96
6381 38.98
6382 38.98
6383 38.96
6384 39.00
6385 38.99
6386 38.97
6387 38.97
6388 39.00
6389 38.97
6390 39.00
6391 38.97
6392 38.95
6393 38.99
6394 38.97
6395 38.98
6396 38.97
6397 38.98
6398 38.97
6399 38.98
6400 38.96
6401 38.99
6402 38.96
6403 38.98
6404 39.00
6405 38.96
6406 38.98
6407 38.98
6408 38.99
6409 38.99
6410 38.96
6411 38.96
6412 38.97
6413 38.98
6414 38.98
6415 38.97
6416 38.97
6417 38.96
6418 38.95
6419 38.99
6420 38.99
6421 38.98
6422 38.97
6423 38.99
6424 38.96
6425 38.97
6426 38.98
6427 38.97
6428 38.99
6429 38.95
6430 38.99
6431 38.98
6432 38.98
6433 38.99
6434 38.99
6435 38.99
6436 38.98
6437 38.97
6438 38.98
6439 38.96
6440 38.99
6441 38.96
6442 38.98
6443 38.99
6444 38.99
6445 38.98
6446 38.99
6447 38.98
6448 38.98
6449 38.97
6450 38.97
6451 38.96
6452 38.98
6453 38.99
6454 38.98
6455 39.00
6456 38.97
6457 38.98
6458 38.98
6459 38.98
6460 39.00
6461 38.98
6462 38.96
6463 38.98
6464 38.97
6465 38.95
6466 38.95
6467 38.97
6468 38.98
6469 38.97
6470 38.98
6471 38.97
6472 39.00
6473 38.99
6474 38.97
6475 38.97
6476 38.99
6477 38.98
6478 38.96
6479 38.98
6480 38.98
6481 38.99
6482 38.99
6483 38.97
6484 39.02
6485 38.98
6486 38.96
6487 38.98
6488 38.99
6489 38.98
6490 38.99
6491 39.00
6492 38.98
6493 38.98
6494 38.99
6495 38.98
6496 38.98
6497 38.98
6498 38.99
6499 38.97
6500 38.98
6501 38.98
6502 38.97
6503 38.99
6504 38.98
6505 38.98
6506 39.00
6507 38.99
6508 39.01
6509 39.01
6510 38.99
6511 39.00
6512 38.98
6513 38.98
6514 38.98
6515 38.99
6516 39.00
6517 38.96
6518 39.00
6519 39.02
6520 39.00
6521 39.01
6522 38.97
6523 38.98
6524 38.96
6525 38.96
6526 38.97
6527 38.98
6528 38.98
6529 38.99
6530 39.00
6531 39.00
6532 38.99
6533 38.99
6534 39.00
6535 38.99
6536 38.98
6537 39.00
6538 39.00
6539 38.99
6540 39.02
6541 38.98
6542 39.00
6543 38.99
6544 39.00
6545 39.00
6546 38.99
6547 38.99
6548 39.01
6549 38.99
6550 39.02
6551 39.01
6552 39.02
6553 38.97
6554 39.00
6555 38.99
6556 38.98
6557 39.00
6558 38.98
6559 39.00
6560 38.96
6561 38.98
6562 38.99
6563 38.99
6564 38.98
6565 39.00
6566 39.00
6567 38.99
6568 39.00
6569 38.99
6570 38.97
6571 39.00
6572 38.99
6573 39.00
6574 38.98
6575 39.00
6576 38.98
6577 38.99
6578 38.98
6579 38.99
6580 38.99
6581 39.00
6582 39.01
6583 38.99
6584 38.98
6585 39.01
6586 38.99
6587 38.98
6588 38.98
6589 38.99
6590 38.99
6591 38.99
6592 38.98
6593 38.97
6594 38.98
6595 38.99
6596 39.01
6597 39.01
6598 38.99
6599 38.99
6600 38.99
6601 38.97
6602 39.02
6603 39.02
6604 39.00
6605 38.98
6606 38.99
6607 38.97
6608 39.00
6609 38.97
6610 38.97
6611 38.98
6612 38.99
6613 38.98
6614 39.00
6615 38.99
6616 39.00
6617 38.97
6618 38.98
6619 38.99
6620 38.98
6621 38.99
6622 38.99
6623 39.00
6624 38.97
6625 38.98
6626 39.00
6627 39.00
6628 38.99
6629 39.01
6630 39.01
6631 39.00
6632 38.98
6633 39.00
6634 38.98
6635 38.98
6636 39.02
6637 38.99
6638 39.00
6639 38.99
6640 38.99
6641 38.97
6642 38.99
6643 39.00
6644 38.99
6645 39.00
6646 39.00
6647 38.98
6648 39.00
6649 38.99
6650 39.03
6651 38.99
6652 39.01
6653 39.00
6654 39.02
6655 39.00
6656 39.00
6657 39.01
6658 39.00
6659 38.98
6660 39.00
6661 39.02
6662 39.00
6663 39.01
6664 38.98
6665 39.01
6666 39.03
6667 39.00
6668 38.98
6669 38.99
6670 38.99
6671 39.00
6672 38.97
6673 39.01
6674 39.02
6675 38.97
6676 38.99
6677 39.00
6678 39.02
6679 39.00
6680 39.02
6681 38.97
6682 38.97
6683 38.99
6684 39.00
6685 39.01
6686 39.01
6687 39.02
6688 39.02
6689 38.99
6690 39.00
6691 39.00
6692 39.00
6693 39.01
6694 39.00
6695 38.99
6696 38.99
6697 39.01
6698 38.98
6699 38.98
6700 39.00
6701 39.00
6702 38.98
6703 39.00
6704 39.00
6705 38.99
6706 38.99
6707 38.98
6708 38.98
6709 38.97
6710 38.99
6711 39.00
6712 39.00
6713 39.00
6714 39.01
6715 39.01
6716 39.04
6717 39.01
6718 39.03
6719 39.04
6720 39.03
6721 39.01
6722 39.01
6723 39.03
6724 39.00
6725 39.02
6726 39.00
6727 39.01
6728 38.98
6729 39.00
6730 38.98
6731 39.00
6732 39.02
6733 39.00
6734 39.00
6735 39.02
6736 39.04
6737 39.01
6738 38.99
6739 38.98
6740 39.00
6741 39.00
6742 39.03
6743 39.04
6744 39.00
6745 39.00
6746 38.99
6747 39.00
6748 38.98
6749 39.03
6750 39.02
6751 39.00
6752 39.02
6753 39.02
6754 39.00
6755 39.02
6756 39.01
6757 39.02
6758 39.04
6759 39.02
6760 39.00
6761 39.03
6762 39.01
6763 39.03
6764 39.03
6765 39.03
6766 39.04
6767 38.98
6768 39.00
6769 39.03
6770 39.00
6771 38.99
6772 39.03
6773 39.03
6774 38.99
6775 39.00
6776 39.03
6777 39.03
6778 39.04
6779 39.03
6780 39.00
6781 39.01
6782 39.04
6783 39.00
6784 39.04
6785 39.01
6786 39.00
6787 39.01
6788 39.03
6789 39.02
6790 39.01
6791 39.01
6792 39.03
6793 39.02
6794 38.99
6795 39.00
6796 39.02
6797 39.01
6798 38.98
6799 39.01
6800 39.04
6801 39.03
6802 39.00
6803 39.01
6804 39.02
6805 39.02
6806 39.01
6807 39.02
6808 39.04
6809 39.01
6810 39.02
6811 39.00
6812 39.00
6813 39.02
6814 39.02
6815 39.00
6816 39.00
6817 39.01
6818 39.01
6819 39.02
6820 39.03
6821 39.03
6822 39.03
6823 39.01
6824 39.01
6825 39.02
6826 39.01
6827 39.05
6828 39.00
6829 39.03
6830 38.98
6831 39.02
6832 39.02
6833 39.01
6834 39.00
6835 39.02
6836 39.03
6837 39.03
6838 39.00
6839 39.01
6840 39.04
6841 39.00
6842 39.03
6843 39.06
6844 39.02
6845 39.03
6846 39.04
6847 39.03
6848 39.02
6849 39.02
6850 39.02
6851 39.04
6852 39.02
6853 39.03
6854 39.02
6855 39.01
6856 39.00
6857 39.03
6858 39.04
6859 39.00
6860 39.02
6861 39.00
6862 39.01
6863 39.03
6864 39.01
6865 39.04
6866 39.02
6867 39.00
6868 39.00
6869 39.00
6870 39.03
6871 39.03
6872 39.02
6873 39.03
6874 39.03
6875 39.04
6876 39.01
6877 39.01
6878 39.04
6879 39.05
6880 39.03
6881 39.04
6882 39.01
6883 39.04
6884 39.03
6885 39.03
6886 39.01
6887 39.03
6888 39.01
6889 39.03
6890 39.03
6891 39.02
6892 39.04
6893 38.97
6894 39.04
6895 39.03
6896 39.03
6897 39.04
6898 39.01
6899 39.02
6900 39.02
6901 39.03
6902 39.01
6903 39.00
6904 39.05
6905 39.03
6906 39.01
6907 39.01
6908 39.03
6909 39.05
6910 39.04
6911 39.01
6912 39.01
6913 39.00
6914 39.00
6915 39.02
6916 39.01
6917 39.03
6918 39.05
6919 39.04
6920 39.03
6921 39.03
6922 39.02
6923 39.02
6924 39.04
6925 39.03
6926 39.05
6927 39.04
6928 39.02
6929 39.04
6930 39.03
6931 39.03
6932 39.00
6933 39.04
6934 39.03
6935 39.03
6936 39.02
6937 39.02
6938 39.04
6939 39.02
6940 39.03
6941 39.02
6942 38.99
6943 39.03
6944 39.01
6945 39.03
6946 39.03
6947 39.01
6948 39.00
6949 39.04
6950 39.04
6951 39.02
6952 39.04
6953 39.04
6954 39.02
6955 39.01
6956 39.02
6957 39.03
6958 39.03
6959 39.03
6960 39.04
6961 39.04
6962 39.03
6963 39.02
6964 39.03
6965 39.04
6966 39.02
6967 39.06
6968 39.02
6969 39.05
6970 39.02
6971 39.03
6972 39.02
6973 39.03
6974 39.04
6975 39.04
6976 39.02
6977 39.02
6978 39.02
6979 39.02
6980 39.03
6981 39.05
6982 39.04
6983 39.01
6984 39.04
6985 39.03
6986 39.00
6987 39.02
6988 39.03
6989 39.03
6990 39.03
6991 39.02
6992 39.04
6993 39.02
6994 39.03
6995 39.06
6996 39.04
6997 39.05
6998 39.04
6999 39.06
7000 39.01
7001 39.04
7002 39.03
7003 39.05
7004 39.05
7005 39.03
7006 39.04
7007 39.00
7008 39.07
7009 39.02
7010 39.02
7011 39.02
7012 39.04
7013 39.07
7014 39.00
7015 39.03
7016 39.04
7017 39.02
7018 39.04
7019 39.02
7020 39.06
7021 39.06
7022 39.04
7023 38.99
7024 39.03
7025 39.00
7026 39.02
7027 39.04
7028 39.04
7029 39.04
7030 39.02
7031 39.05
7032 39.04
7033 39.03
7034 39.02
7035 39.04
7036 39.03
7037 39.02
7038 39.02
7039 39.03
7040 39.02
7041 39.03
7042 39.03
7043 39.05
7044 39.04
7045 39.02
7046 39.05
7047 39.04
7048 39.04
7049 39.02
7050 39.02
7051 39.02
7052 39.02
7053 39.05
7054 39.03
7055 39.03
7056 39.04
7057 39.03
7058 39.04
7059 39.06
7060 39.04
7061 39.04
7062 39.04
7063 39.04
7064 39.03
7065 39.03
7066 39.04
7067 39.04
7068 39.02
7069 39.02
7070 39.03
7071 39.03
7072 39.04
7073 39.02
7074 39.02
7075 39.02
7076 39.04
7077 39.03
7078 39.03
7079 39.03
7080 39.06
7081 39.05
7082 39.06
7083 39.04
7084 39.08
7085 39.02
7086 39.04
7087 39.06
7088 39.02
7089 39.00
7090 39.02
7091 39.03
7092 39.03
7093 39.00
7094 39.01
7095 39.03
7096 38.98
7097 39.02
7098 39.01
7099 39.02
7100 39.03
7101 39.04
7102 39.00
7103 39.05
7104 39.03
7105 39.01
7106 39.04
7107 39.04
7108 39.00
7109 39.04
7110 39.02
7111 39.06
7112 39.05
7113 38.99
7114 39.00
7115 39.03
7116 39.02
7117 39.01
7118 39.02
7119 39.00
7120 39.09
7121 39.03
7122 39.04
7123 39.04
7124 39.04
7125 39.03
7126 39.07
7127 39.04
7128 39.06
7129 39.03
7130 39.00
7131 39.02
7132 39.03
7133 39.06
7134 39.04
7135 39.03
7136 39.03
7137 39.03
7138 39.02
7139 39.03
7140 39.03
7141 39.05
7142 39.03
7143 39.00
7144 39.06
7145 39.04
7146 39.05
7147 39.02
7148 39.06
7149 39.03
7150 39.04
7151 39.03
7152 39.05
7153 39.02
7154 39.01
7155 38.99
7156 39.04
7157 39.00
7158 39.04
7159 39.07
7160 39.03
7161 39.03
7162 39.04
7163 39.03
7164 39.03
7165 39.05
7166 39.03
7167 39.03
7168 39.05
7169 39.05
7170 39.03
7171 39.02
7172 39.05
7173 39.04
7174 39.03
7175 39.04
7176 39.05
7177 39.03
7178 39.03
7179 39.03
7180 39.04
7181 39.04
7182 39.02
7183 39.02
7184 39.03
7185 39.05
7186 39.04
7187 39.09
7188 39.04
7189 39.02
7190 39.04
7191 39.05
7192 39.03
7193 39.01
7194 39.03
7195 39.04
7196 39.06
7197 39.05
7198 39.04
7199 39.03
7200 39.02
7201 39.03
7202 39.03
7203 39.05
7204 39.01
7205 39.02
7206 39.00
7207 39.05
7208 39.02
7209 39.02
7210 39.02
7211 39.04
7212 39.04
7213 39.05
7214 39.02
7215 39.02
7216 39.04
7217 39.04
7218 39.03
7219 39.08
7220 39.03
7221 39.03
7222 39.03
7223 39.03
7224 39.04
7225 39.04
7226 39.05
7227 39.04
7228 39.04
7229 39.02
7230 39.03
7231 39.06
7232 39.05
7233 39.03
7234 39.04
7235 39.05
7236 39.06
7237 39.03
7238 39.02
7239 39.03
7240 39.04
7241 39.04
7242 39.05
7243 39.02
7244 39.05
7245 39.05
7246 39.07
7247 39.05
7248 39.06
7249 39.03
7250 39.05
7251 39.06
7252 39.05
7253 39.01
7254 39.05
7255 39.02
7256 39.03
7257 39.05
7258 39.05
7259 39.03
7260 39.06
7261 39.03
7262 39.03
7263 39.03
7264 39.04
7265 39.06
7266 39.05
7267 39.02
7268 39.03
7269 39.02
7270 38.95
7271 38.94
7272 38.93
7273 38.73
7274 38.70
7275 38.67
7276 38.54
7277 38.48
7278 38.47
7279 38.43
7280 38.34
7281 38.29
7282 38.26
7283 38.25
7284 38.25
7285 38.22
7286 38.12
7287 38.04
7288 38.02
7289 38.01
7290 37.90
7291 37.80
7292 37.59
7293 37.38
7294 37.18
7295 36.92
7296 36.67
7297 36.44
7298 36.04
7299 35.75
7300 35.31
7301 34.89
7302 34.43
7303 34.01
7304 33.54
7305 33.08
7306 32.62
7307 32.14
7308 31.56
7309 31.09
7310 30.64
7311 30.20
7312 29.76
7313 29.33
7314 28.89
7315 28.46
7316 28.02
7317 27.65
7318 27.29
7319 26.94
7320 26.54
7321 26.27
7322 25.86
7323 25.62
7324 25.21
7325 24.97
7326 24.57
7327 24.35
7328 23.94
7329 23.71
7330 23.35
7331 23.08
7332 22.85
7333 22.59
7334 22.27
7335 22.01
7336 21.80
7337 21.58
7338 21.37
7339 21.11
7340 20.87
7341 20.67
7342 20.42
7343 20.17
7344 19.94
7345 19.77
7346 19.61
7347 19.43
7348 19.27
7349 19.07
7350 18.86
7351 18.66
7352 18.45
7353 18.29
7354 18.21
7355 18.03
7356 17.83
7357 17.64
7358 17.53
7359 17.40
7360 17.21
7361 17.07
7362 16.98
7363 16.79
7364 16.71
7365 16.59
7366 16.43
7367 16.38
7368 16.18
7369 16.13
7370 15.98
7371 15.83
7372 15.75
7373 15.57
7374 15.51
7375 15.35
7376 15.25
7377 15.14
7378 14.95
7379 14.83
7380 14.73
7381 14.54
7382 14.35
7383 14.30
7384 14.13
7385 14.01
7386 13.93
7387 13.81
7388 13.72
7389 13.65
7390 13.56
7391 13.41
7392 13.32
7393 13.12
7394 13.07
7395 12.93
7396 12.88
7397 12.72
7398 12.68
7399 12.52
7400 12.50
7401 12.35
7402 12.31
7403 12.21
7404 12.11
7405 12.05
7406 11.93
7407 11.91
7408 11.85
7409 11.71
7410 11.70
7411 11.60
7412 11.51
7413 11.38
7414 11.30
7415 11.28
7416 11.12
7417 11.10
7418 10.96
7419 10.90
7420 10.87
7421 10.81
7422 10.73
7423 10.71
7424 10.69
7425 10.65
7426 10.51
7427 10.50
7428 10.49
7429 10.41
7430 10.33
7431 10.31
7432 10.28
7433 10.24
7434 10.13
7435 10.11
7436 10.09
7437 10.03
7438 9.92
7439 9.91
7440 9.89
7441 9.80
7442 9.71
7443 9.71
7444 9.60
7445 9.52
7446 9.51
7447 9.45
7448 9.34
7449 9.32
7450 9.32
7451 9.31
7452 9.27
7453 9.14
7454 9.12
7455 9.10
7456 8.99
7457 8.95
7458 8.92
7459 8.91
7460 8.88
7461 8.85
7462 8.77
7463 8.74
7464 8.72
7465 8.72
7466 8.71
7467 8.68
7468 8.61
7469 8.53
7470 8.52
7471 8.52
7472 8.49
7473 8.50
7474 8.47
7475 8.44
7476 8.40
7477 8.33
7478 8.32
7479 8.31
7480 8.30
7481 8.30
7482 8.29
7483 8.26
7484 8.29
7485 8.15
7486 8.07
7487 7.94
7488 8.07
7489 8.13
7490 8.23
7491 8.20
7492 8.22
7493 8.23
7494 8.25
7495 8.30
7496 8.32
7497 8.32
7498 8.33
7499 8.32
7500 8.31
7501 8.24
7502 8.13
7503 8.12
7504 8.04
7505 7.94
7506 7.93
7507 7.91
7508 7.82
7509 7.79
7510 7.78
7511 7.80
7512 7.90
7513 7.74
7514 7.85
7515 7.87
7516 7.87
7517 7.88
7518 7.74
7519 7.73
7520 7.73
7521 7.72
7522 7.70
7523 7.67
7524 7.77
7525 7.84
7526 7.75
7527 7.72
7528 7.67
7529 7.58
7530 7.57
7531 7.55
7532 7.53
7533 7.49
7534 7.38
7535 7.34
7536 7.34
7537 7.32
7538 7.26
7539 7.15
7540 7.14
7541 7.10
7542 6.99
7543 6.95
7544 6.96
7545 6.95
7546 6.92
7547 6.83
7548 6.76
7549 6.75
7550 6.74
