1 1.92
2 2.04
3 2.66
4 3.15
5 3.62
6 4.04
7 4.43
8 4.81
9 5.20
10 5.65
11 6.08
12 6.36
13 6.66
14 7.00
15 7.33
16 7.54
17 7.79
18 8.13
19 8.45
20 8.72
21 8.92
22 9.30
23 9.51
24 9.71
25 9.91
26 10.11
27 10.32
28 10.50
29 10.70
30 10.88
31 10.92
32 11.07
33 11.11
34 11.30
35 11.50
36 11.71
37 11.92
38 12.79
39 14.26
40 15.97
41 17.71
42 19.24
43 20.36
44 21.41
45 22.33
46 23.12
47 23.77
48 24.36
49 24.95
50 25.42
51 25.86
52 26.27
53 26.71
54 26.96
55 27.38
56 27.68
57 27.99
58 28.35
59 28.75
60 29.14
61 29.57
62 29.99
63 30.31
64 30.64
65 30.91
66 31.27
67 31.53
68 31.76
69 31.97
70 32.21
71 32.42
72 32.64
73 32.84
74 32.97
75 33.09
76 33.29
77 33.35
78 33.52
79 33.55
80 33.75
81 33.77
82 33.93
83 33.97
84 34.01
85 34.14
86 34.19
87 34.20
88 34.30
89 34.39
90 34.42
91 34.43
92 34.47
93 34.57
94 34.63
95 34.64
96 34.64
97 34.64
98 34.69
99 34.78
100 34.83
101 34.86
102 34.86
103 34.87
104 34.87
105 34.88
106 34.91
107 34.97
108 35.01
109 35.05
110 35.08
111 35.09
112 35.09
113 35.09
114 35.09
115 35.11
116 35.11
117 35.13
118 35.18
119 35.22
120 35.27
121 35.29
122 35.30
123 35.31
124 35.31
125 35.31
126 35.32
127 35.33
128 35.33
129 35.34
130 35.36
131 35.38
132 35.43
133 35.47
134 35.50
135 35.51
136 35.52
137 35.53
138 35.54
139 35.54
140 35.54
141 35.54
142 35.54
143 35.55
144 35.55
145 35.56
146 35.57
147 35.58
148 35.62
149 35.65
150 35.66
151 35.72
152 35.74
153 35.74
154 35.75
155 35.75
156 35.76
157 35.76
158 35.76
159 35.77
160 35.76
161 35.76
162 35.77
163 35.76
164 35.78
165 35.77
166 35.79
167 35.79
168 35.81
169 35.81
170 35.85
171 35.84
172 35.89
173 35.91
174 35.93
175 35.95
176 35.97
177 35.96
178 35.98
179 35.96
180 35.98
181 35.98
182 35.99
183 35.99
184 35.99
185 35.99
186 35.99
187 35.99
188 35.99
189 36.00
190 36.00
191 36.00
192 36.00
193 36.04
194 36.01
195 36.03
196 36.05
197 36.06
198 36.09
199 36.11
200 36.12
201 36.12
202 36.14
203 36.16
204 36.16
205 36.19
206 36.20
207 36.20
208 36.21
209 36.22
210 36.21
211 36.21
212 36.21
213 36.22
214 36.22
215 36.22
216 36.22
217 36.22
218 36.22
219 36.22
220 36.23
221 36.22
222 36.24
223 36.22
224 36.22
225 36.25
226 36.23
227 36.24
228 36.26
229 36.28
230 36.29
231 36.29
232 36.32
233 36.32
234 36.32
235 36.34
236 36.34
237 36.34
238 36.37
239 36.38
240 36.37
241 36.38
242 36.40
243 36.40
244 36.41
245 36.43
246 36.40
247 36.43
248 36.42
249 36.43
250 36.43
251 36.43
252 36.44
253 36.44
254 36.44
255 36.44
256 36.44
257 36.44
258 36.44
259 36.44
260 36.44
261 36.45
262 36.45
263 36.44
264 36.45
265 36.45
266 36.44
267 36.45
268 36.45
269 36.44
270 36.45
271 36.45
272 36.47
273 36.45
274 36.48
275 36.48
276 36.50
277 36.49
278 36.47
279 36.50
280 36.52
281 36.50
282 36.53
283 36.54
284 36.54
285 36.54
286 36.56
287 36.56
288 36.56
289 36.57
290 36.62
291 36.61
292 36.61
293 36.59
294 36.61
295 36.59
296 36.61
297 36.63
298 36.61
299 36.65
300 36.64
301 36.63
302 36.64
303 36.64
304 36.65
305 36.66
306 36.66
307 36.66
308 36.65
309 36.65
310 36.66
311 36.66
312 36.67
313 36.66
314 36.65
315 36.67
316 36.67
317 36.67
318 36.67
319 36.67
320 36.67
321 36.67
322 36.67
323 36.67
324 36.66
325 36.67
326 36.67
327 36.67
328 36.67
329 36.67
330 36.67
331 36.67
332 36.67
333 36.67
334 36.67
335 36.67
336 36.67
337 36.67
338 36.67
339 36.67
340 36.67
341 36.67
342 36.67
343 36.67
344 36.67
345 36.68
346 36.69
347 36.68
348 36.69
349 36.68
350 36.68
351 36.70
352 36.69
353 36.68
354 36.72
355 36.72
356 36.70
357 36.72
358 36.73
359 36.74
360 36.73
361 36.74
362 36.75
363 36.75
364 36.75
365 36.73
366 36.73
367 36.74
368 36.76
369 36.75
370 36.76
371 36.77
372 36.79
373 36.76
374 36.78
375 36.78
376 36.77
377 36.78
378 36.80
379 36.80
380 36.82
381 36.82
382 36.81
383 36.80
384 36.81
385 36.84
386 36.81
387 36.85
388 36.84
389 36.85
390 36.85
391 36.86
392 36.85
393 36.85
394 36.85
395 36.86
396 36.85
397 36.86
398 36.86
399 36.86
400 36.87
401 36.87
402 36.87
403 36.88
404 36.87
405 36.88
406 36.87
407 36.88
408 36.89
409 36.88
410 36.88
411 36.88
412 36.89
413 36.89
414 36.89
415 36.89
416 36.89
417 36.89
418 36.89
419 36.89
420 36.89
421 36.89
422 36.89
423 36.89
424 36.89
425 36.89
426 36.89
427 36.89
428 36.89
429 36.89
430 36.89
431 36.90
432 36.89
433 36.89
434 36.89
435 36.89
436 36.89
437 36.89
438 36.89
439 36.90
440 36.89
441 36.89
442 36.89
443 36.89
444 36.89
445 36.89
446 36.90
447 36.89
448 36.89
449 36.90
450 36.89
451 36.89
452 36.90
453 36.89
454 36.89
455 36.89
456 36.90
457 36.90
458 36.89
459 36.89
460 36.89
461 36.89
462 36.90
463 36.90
464 36.91
465 36.89
466 36.91
467 36.90
468 36.89
469 36.90
470 36.90
471 36.90
472 36.89
473 36.90
474 36.91
475 36.90
476 36.91
477 36.90
478 36.90
479 36.92
480 36.90
481 36.91
482 36.91
483 36.91
484 36.92
485 36.92
486 36.91
487 36.90
488 36.92
489 36.94
490 36.94
491 36.92
492 36.94
493 36.91
494 36.94
495 36.95
496 36.94
497 36.94
498 36.95
499 36.92
500 36.95
501 36.92
502 36.94
503 36.95
504 36.94
505 36.98
506 36.95
507 36.98
508 36.96
509 36.95
510 36.99
511 36.97
512 36.99
513 36.98
514 36.99
515 36.99
516 36.98
517 36.96
518 37.00
519 36.99
520 37.00
521 37.02
522 37.02
523 37.01
524 37.02
525 37.03
526 37.01
527 37.01
528 37.01
529 37.02
530 37.04
531 37.03
532 37.03
533 37.06
534 37.01
535 37.03
536 37.03
537 37.02
538 37.05
539 37.05
540 37.01
541 37.07
542 37.06
543 37.04
544 37.07
545 37.04
546 37.07
547 37.08
548 37.06
549 37.07
550 37.08
551 37.09
552 37.08
553 37.07
554 37.08
555 37.08
556 37.07
557 37.09
558 37.08
559 37.08
560 37.09
561 37.09
562 37.09
563 37.11
564 37.09
565 37.10
566 37.09
567 37.09
568 37.11
569 37.10
570 37.09
571 37.09
572 37.11
573 37.11
574 37.11
575 37.10
576 37.10
577 37.09
578 37.11
579 37.11
580 37.11
581 37.10
582 37.11
583 37.11
584 37.11
585 37.10
586 37.11
587 37.11
588 37.10
589 37.11
590 37.11
591 37.11
592 37.11
593 37.11
594 37.12
595 37.11
596 37.11
597 37.11
598 37.12
599 37.12
600 37.11
601 37.11
602 37.12
603 37.12
604 37.12
605 37.12
606 37.12
607 37.12
608 37.12
609 37.12
610 37.12
611 37.12
612 37.12
613 37.12
614 37.11
615 37.11
616 37.11
617 37.12
618 37.12
619 37.12
620 37.12
621 37.12
622 37.12
623 37.12
624 37.12
625 37.12
626 37.12
627 37.11
628 37.13
629 37.12
630 37.12
631 37.12
632 37.12
633 37.13
634 37.12
635 37.12
636 37.12
637 37.12
638 37.12
639 37.12
640 37.11
641 37.12
642 37.13
643 37.12
644 37.12
645 37.13
646 37.13
647 37.13
648 37.12
649 37.12
650 37.13
651 37.13
652 37.12
653 37.12
654 37.13
655 37.12
656 37.12
657 37.12
658 37.12
659 37.12
660 37.13
661 37.13
662 37.13
663 37.13
664 37.13
665 37.13
666 37.12
667 37.13
668 37.13
669 37.14
670 37.14
671 37.13
672 37.13
673 37.14
674 37.15
675 37.13
676 37.14
677 37.14
678 37.14
679 37.13
680 37.14
681 37.15
682 37.14
683 37.16
684 37.14
685 37.14
686 37.16
687 37.15
688 37.14
689 37.16
690 37.14
691 37.14
692 37.16
693 37.17
694 37.15
695 37.17
696 37.18
697 37.16
698 37.15
699 37.17
700 37.17
701 37.17
702 37.16
703 37.19
704 37.18
705 37.17
706 37.17
707 37.18
708 37.19
709 37.15
710 37.19
711 37.18
712 37.17
713 37.17
714 37.17
715 37.18
716 37.22
717 37.19
718 37.18
719 37.19
720 37.20
721 37.19
722 37.20
723 37.20
724 37.18
725 37.17
726 37.23
727 37.19
728 37.23
729 37.23
730 37.21
731 37.22
732 37.22
733 37.21
734 37.21
735 37.20
736 37.23
737 37.23
738 37.25
739 37.25
740 37.22
741 37.23
742 37.25
743 37.22
744 37.23
745 37.26
746 37.22
747 37.27
748 37.24
749 37.24
750 37.28
751 37.26
752 37.26
753 37.27
754 37.26
755 37.26
756 37.27
757 37.27
758 37.28
759 37.29
760 37.26
761 37.27
762 37.29
763 37.30
764 37.27
765 37.28
766 37.28
767 37.29
768 37.30
769 37.31
770 37.31
771 37.30
772 37.29
773 37.28
774 37.31
775 37.29
776 37.30
777 37.30
778 37.30
779 37.31
780 37.31
781 37.30
782 37.28
783 37.31
784 37.31
785 37.32
786 37.31
787 37.31
788 37.32
789 37.30
790 37.32
791 37.30
792 37.31
793 37.31
794 37.32
795 37.32
796 37.32
797 37.33
798 37.34
799 37.33
800 37.32
801 37.32
802 37.32
803 37.32
804 37.33
805 37.33
806 37.33
807 37.33
808 37.32
809 37.33
810 37.33
811 37.32
812 37.32
813 37.33
814 37.33
815 37.34
816 37.33
817 37.34
818 37.33
819 37.33
820 37.33
821 37.33
822 37.33
823 37.33
824 37.33
825 37.34
826 37.32
827 37.34
828 37.34
829 37.32
830 37.34
831 37.34
832 37.34
833 37.33
834 37.34
835 37.34
836 37.34
837 37.34
838 37.34
839 37.34
840 37.34
841 37.34
842 37.34
843 37.34
844 37.34
845 37.34
846 37.34
847 37.34
848 37.34
849 37.34
850 37.34
851 37.34
852 37.34
853 37.34
854 37.34
855 37.34
856 37.34
857 37.34
858 37.34
859 37.34
860 37.34
861 37.34
862 37.34
863 37.34
864 37.34
865 37.34
866 37.34
867 37.34
868 37.34
869 37.34
870 37.34
871 37.34
872 37.34
873 37.34
874 37.34
875 37.34
876 37.34
877 37.35
878 37.34
879 37.34
880 37.34
881 37.34
882 37.34
883 37.34
884 37.34
885 37.34
886 37.34
887 37.34
888 37.34
889 37.34
890 37.34
891 37.34
892 37.34
893 37.34
894 37.34
895 37.34
896 37.34
897 37.34
898 37.34
899 37.34
900 37.34
901 37.34
902 37.34
903 37.35
904 37.34
905 37.34
906 37.34
907 37.35
908 37.35
909 37.34
910 37.35
911 37.34
912 37.35
913 37.34
914 37.34
915 37.35
916 37.34
917 37.34
918 37.34
919 37.34
920 37.35
921 37.35
922 37.35
923 37.35
924 37.35
925 37.36
926 37.35
927 37.35
928 37.35
929 37.35
930 37.35
931 37.35
932 37.35
933 37.34
934 37.36
935 37.35
936 37.35
937 37.36
938 37.35
939 37.36
940 37.36
941 37.34
942 37.36
943 37.36
944 37.35
945 37.36
946 37.36
947 37.37
948 37.35
949 37.36
950 37.35
951 37.37
952 37.35
953 37.37
954 37.36
955 37.36
956 37.36
957 37.36
958 37.36
959 37.36
960 37.36
961 37.36
962 37.37
963 37.36
964 37.37
965 37.36
966 37.37
967 37.38
968 37.37
969 37.37
970 37.37
971 37.36
972 37.37
973 37.37
974 37.37
975 37.37
976 37.39
977 37.37
978 37.39
979 37.38
980 37.38
981 37.38
982 37.38
983 37.36
984 37.37
985 37.38
986 37.39
987 37.37
988 37.41
989 37.39
990 37.40
991 37.38
992 37.38
993 37.40
994 37.40
995 37.40
996 37.38
997 37.40
998 37.38
999 37.38
1000 37.40
1001 37.39
1002 37.42
1003 37.40
1004 37.39
1005 37.42
1006 37.41
1007 37.41
1008 37.42
1009 37.40
1010 37.39
1011 37.41
1012 37.42
1013 37.41
1014 37.43
1015 37.41
1016 37.43
1017 37.38
1018 37.40
1019 37.39
1020 37.41
1021 37.41
1022 37.42
1023 37.42
1024 37.42
1025 37.43
1026 37.42
1027 37.41
1028 37.43
1029 37.41
1030 37.43
1031 37.43
1032 37.46
1033 37.44
1034 37.44
1035 37.43
1036 37.44
1037 37.44
1038 37.45
1039 37.44
1040 37.44
1041 37.45
1042 37.43
1043 37.45
1044 37.44
1045 37.43
1046 37.46
1047 37.44
1048 37.46
1049 37.44
1050 37.49
1051 37.46
1052 37.47
1053 37.46
1054 37.48
1055 37.46
1056 37.49
1057 37.49
1058 37.46
1059 37.47
1060 37.48
1061 37.46
1062 37.47
1063 37.45
1064 37.49
1065 37.48
1066 37.48
1067 37.49
1068 37.47
1069 37.50
1070 37.50
1071 37.49
1072 37.50
1073 37.49
1074 37.47
1075 37.50
1076 37.51
1077 37.52
1078 37.51
1079 37.47
1080 37.50
1081 37.50
1082 37.50
1083 37.51
1084 37.51
1085 37.48
1086 37.50
1087 37.51
1088 37.51
1089 37.53
1090 37.48
1091 37.50
1092 37.51
1093 37.51
1094 37.50
1095 37.50
1096 37.54
1097 37.51
1098 37.54
1099 37.51
1100 37.52
1101 37.54
1102 37.50
1103 37.54
1104 37.55
1105 37.54
1106 37.52
1107 37.54
1108 37.51
1109 37.53
1110 37.54
1111 37.54
1112 37.53
1113 37.54
1114 37.55
1115 37.56
1116 37.54
1117 37.54
1118 37.54
1119 37.54
1120 37.54
1121 37.55
1122 37.54
1123 37.53
1124 37.53
1125 37.55
1126 37.55
1127 37.56
1128 37.56
1129 37.54
1130 37.54
1131 37.56
1132 37.55
1133 37.55
1134 37.54
1135 37.53
1136 37.55
1137 37.56
1138 37.56
1139 37.56
1140 37.55
1141 37.56
1142 37.55
1143 37.55
1144 37.55
1145 37.57
1146 37.55
1147 37.55
1148 37.55
1149 37.55
1150 37.56
1151 37.54
1152 37.57
1153 37.55
1154 37.57
1155 37.55
1156 37.56
1157 37.56
1158 37.56
1159 37.57
1160 37.56
1161 37.57
1162 37.56
1163 37.56
1164 37.56
1165 37.57
1166 37.57
1167 37.55
1168 37.57
1169 37.57
1170 37.57
1171 37.56
1172 37.57
1173 37.56
1174 37.57
1175 37.57
1176 37.56
1177 37.55
1178 37.56
1179 37.56
1180 37.56
1181 37.56
1182 37.56
1183 37.57
1184 37.57
1185 37.56
1186 37.57
1187 37.57
1188 37.56
1189 37.57
1190 37.56
1191 37.57
1192 37.56
1193 37.57
1194 37.56
1195 37.56
1196 37.57
1197 37.57
1198 37.57
1199 37.57
1200 37.57
1201 37.57
1202 37.57
1203 37.57
1204 37.57
1205 37.57
1206 37.57
1207 37.57
1208 37.57
1209 37.57
1210 37.57
1211 37.57
1212 37.56
1213 37.56
1214 37.57
1215 37.57
1216 37.57
1217 37.57
1218 37.57
1219 37.57
1220 37.57
1221 37.57
1222 37.57
1223 37.57
1224 37.57
1225 37.57
1226 37.57
1227 37.57
1228 37.57
1229 37.57
1230 37.57
1231 37.58
1232 37.57
1233 37.57
1234 37.58
1235 37.58
1236 37.58
1237 37.57
1238 37.57
1239 37.57
1240 37.57
1241 37.57
1242 37.57
1243 37.57
1244 37.57
1245 37.57
1246 37.57
1247 37.58
1248 37.57
1249 37.57
1250 37.57
1251 37.57
1252 37.58
1253 37.57
1254 37.58
1255 37.57
1256 37.57
1257 37.57
1258 37.57
1259 37.57
1260 37.57
1261 37.57
1262 37.57
1263 37.58
1264 37.57
1265 37.58
1266 37.57
1267 37.57
1268 37.58
1269 37.58
1270 37.57
1271 37.57
1272 37.58
1273 37.57
1274 37.57
1275 37.58
1276 37.58
1277 37.58
1278 37.57
1279 37.58
1280 37.58
1281 37.58
1282 37.58
1283 37.58
1284 37.57
1285 37.57
1286 37.58
1287 37.57
1288 37.58
1289 37.57
1290 37.57
1291 37.58
1292 37.58
1293 37.58
1294 37.57
1295 37.58
1296 37.59
1297 37.58
1298 37.58
1299 37.57
1300 37.58
1301 37.58
1302 37.58
1303 37.57
1304 37.57
1305 37.58
1306 37.58
1307 37.58
1308 37.58
1309 37.58
1310 37.58
1311 37.58
1312 37.58
1313 37.58
1314 37.58
1315 37.59
1316 37.59
1317 37.58
1318 37.58
1319 37.58
1320 37.58
1321 37.58
1322 37.58
1323 37.59
1324 37.59
1325 37.59
1326 37.58
1327 37.59
1328 37.60
1329 37.58
1330 37.58
1331 37.58
1332 37.59
1333 37.58
1334 37.60
1335 37.58
1336 37.59
1337 37.58
1338 37.59
1339 37.59
1340 37.58
1341 37.59
1342 37.60
1343 37.58
1344 37.58
1345 37.59
1346 37.60
1347 37.58
1348 37.60
1349 37.59
1350 37.60
1351 37.59
1352 37.58
1353 37.58
1354 37.59
1355 37.59
1356 37.60
1357 37.60
1358 37.61
1359 37.58
1360 37.61
1361 37.61
1362 37.60
1363 37.60
1364 37.61
1365 37.62
1366 37.60
1367 37.61
1368 37.61
1369 37.62
1370 37.62
1371 37.61
1372 37.60
1373 37.60
1374 37.61
1375 37.61
1376 37.62
1377 37.62
1378 37.61
1379 37.63
1380 37.64
1381 37.60
1382 37.63
1383 37.60
1384 37.62
1385 37.63
1386 37.63
1387 37.65
1388 37.63
1389 37.61
1390 37.64
1391 37.64
1392 37.64
1393 37.63
1394 37.61
1395 37.63
1396 37.65
1397 37.65
1398 37.63
1399 37.63
1400 37.64
1401 37.65
1402 37.65
1403 37.66
1404 37.63
1405 37.65
1406 37.65
1407 37.66
1408 37.66
1409 37.65
1410 37.64
1411 37.64
1412 37.66
1413 37.64
1414 37.68
1415 37.66
1416 37.65
1417 37.67
1418 37.63
1419 37.62
1420 37.67
1421 37.67
1422 37.63
1423 37.65
1424 37.67
1425 37.65
1426 37.66
1427 37.68
1428 37.65
1429 37.65
1430 37.68
1431 37.70
1432 37.68
1433 37.66
1434 37.69
1435 37.69
1436 37.69
1437 37.67
1438 37.67
1439 37.67
1440 37.67
1441 37.66
1442 37.67
1443 37.71
1444 37.65
1445 37.70
1446 37.70
1447 37.71
1448 37.68
1449 37.69
1450 37.68
1451 37.68
1452 37.72
1453 37.69
1454 37.70
1455 37.69
1456 37.71
1457 37.71
1458 37.71
1459 37.70
1460 37.70
1461 37.71
1462 37.70
1463 37.72
1464 37.71
1465 37.72
1466 37.73
1467 37.74
1468 37.72
1469 37.73
1470 37.69
1471 37.74
1472 37.72
1473 37.71
1474 37.71
1475 37.71
1476 37.68
1477 37.72
1478 37.69
1479 37.71
1480 37.72
1481 37.72
1482 37.75
1483 37.71
1484 37.71
1485 37.72
1486 37.74
1487 37.74
1488 37.72
1489 37.73
1490 37.71
1491 37.70
1492 37.73
1493 37.72
1494 37.70
1495 37.72
1496 37.74
1497 37.74
1498 37.71
1499 37.74
1500 37.73
1501 37.74
1502 37.72
1503 37.75
1504 37.74
1505 37.72
1506 37.72
1507 37.74
1508 37.74
1509 37.74
1510 37.76
1511 37.73
1512 37.72
1513 37.76
1514 37.76
1515 37.73
1516 37.75
1517 37.73
1518 37.78
1519 37.76
1520 37.76
1521 37.77
1522 37.76
1523 37.75
1524 37.74
1525 37.77
1526 37.77
1527 37.75
1528 37.77
1529 37.77
1530 37.77
1531 37.79
1532 37.78
1533 37.77
1534 37.77
1535 37.77
1536 37.77
1537 37.76
1538 37.75
1539 37.78
1540 37.79
1541 37.77
1542 37.76
1543 37.77
1544 37.77
1545 37.77
1546 37.77
1547 37.76
1548 37.78
1549 37.77
1550 37.77
1551 37.77
1552 37.77
1553 37.78
1554 37.78
1555 37.78
1556 37.78
1557 37.78
1558 37.79
1559 37.76
1560 37.77
1561 37.78
1562 37.79
1563 37.78
1564 37.78
1565 37.78
1566 37.78
1567 37.78
1568 37.78
1569 37.78
1570 37.78
1571 37.79
1572 37.78
1573 37.78
1574 37.78
1575 37.79
1576 37.78
1577 37.79
1578 37.79
1579 37.78
1580 37.79
1581 37.79
1582 37.79
1583 37.79
1584 37.79
1585 37.79
1586 37.79
1587 37.78
1588 37.78
1589 37.78
1590 37.78
1591 37.80
1592 37.79
1593 37.79
1594 37.79
1595 37.79
1596 37.79
1597 37.79
1598 37.79
1599 37.80
1600 37.80
1601 37.78
1602 37.79
1603 37.78
1604 37.79
1605 37.78
1606 37.79
1607 37.79
1608 37.79
1609 37.79
1610 37.79
1611 37.79
1612 37.79
1613 37.79
1614 37.79
1615 37.79
1616 37.79
1617 37.79
1618 37.80
1619 37.79
1620 37.80
1621 37.80
1622 37.79
1623 37.79
1624 37.79
1625 37.79
1626 37.80
1627 37.79
1628 37.80
1629 37.79
1630 37.79
1631 37.80
1632 37.79
1633 37.79
1634 37.79
1635 37.79
1636 37.79
1637 37.80
1638 37.79
1639 37.80
1640 37.79
1641 37.79
1642 37.80
1643 37.79
1644 37.79
1645 37.80
1646 37.80
1647 37.80
1648 37.79
1649 37.79
1650 37.80
1651 37.79
1652 37.80
1653 37.79
1654 37.80
1655 37.79
1656 37.80
1657 37.80
1658 37.79
1659 37.80
1660 37.80
1661 37.80
1662 37.80
1663 37.80
1664 37.80
1665 37.80
1666 37.80
1667 37.80
1668 37.80
1669 37.80
1670 37.80
1671 37.80
1672 37.80
1673 37.80
1674 37.80
1675 37.80
1676 37.80
1677 37.80
1678 37.80
1679 37.79
1680 37.80
1681 37.80
1682 37.80
1683 37.80
1684 37.80
1685 37.80
1686 37.80
1687 37.80
1688 37.80
1689 37.80
1690 37.80
1691 37.80
1692 37.80
1693 37.80
1694 37.80
1695 37.80
1696 37.79
1697 37.80
1698 37.80
1699 37.80
1700 37.80
1701 37.79
1702 37.80
1703 37.80
1704 37.80
1705 37.80
1706 37.80
1707 37.80
1708 37.80
1709 37.80
1710 37.80
1711 37.80
1712 37.80
1713 37.80
1714 37.80
1715 37.80
1716 37.80
1717 37.80
1718 37.80
1719 37.80
1720 37.81
1721 37.80
1722 37.80
1723 37.80
1724 37.80
1725 37.80
1726 37.80
1727 37.80
1728 37.80
1729 37.80
1730 37.80
1731 37.80
1732 37.80
1733 37.81
1734 37.80
1735 37.80
1736 37.80
1737 37.81
1738 37.80
1739 37.81
1740 37.81
1741 37.80
1742 37.80
1743 37.81
1744 37.80
1745 37.80
1746 37.81
1747 37.80
1748 37.80
1749 37.80
1750 37.80
1751 37.80
1752 37.80
1753 37.80
1754 37.80
1755 37.81
1756 37.80
1757 37.81
1758 37.80
1759 37.80
1760 37.80
1761 37.79
1762 37.80
1763 37.80
1764 37.80
1765 37.80
1766 37.81
1767 37.80
1768 37.81
1769 37.81
1770 37.80
1771 37.81
1772 37.80
1773 37.81
1774 37.80
1775 37.81
1776 37.80
1777 37.81
1778 37.81
1779 37.80
1780 37.81
1781 37.80
1782 37.81
1783 37.80
1784 37.81
1785 37.80
1786 37.81
1787 37.81
1788 37.80
1789 37.80
1790 37.81
1791 37.81
1792 37.82
1793 37.81
1794 37.81
1795 37.81
1796 37.82
1797 37.82
1798 37.81
1799 37.80
1800 37.81
1801 37.83
1802 37.80
1803 37.80
1804 37.82
1805 37.82
1806 37.82
1807 37.81
1808 37.82
1809 37.82
1810 37.83
1811 37.83
1812 37.82
1813 37.81
1814 37.81
1815 37.82
1816 37.82
1817 37.81
1818 37.81
1819 37.81
1820 37.82
1821 37.82
1822 37.83
1823 37.82
1824 37.82
1825 37.82
1826 37.82
1827 37.82
1828 37.82
1829 37.81
1830 37.82
1831 37.82
1832 37.83
1833 37.81
1834 37.82
1835 37.82
1836 37.84
1837 37.81
1838 37.83
1839 37.83
1840 37.81
1841 37.83
1842 37.81
1843 37.82
1844 37.85
1845 37.83
1846 37.84
1847 37.82
1848 37.82
1849 37.83
1850 37.84
1851 37.85
1852 37.83
1853 37.82
1854 37.81
1855 37.83
1856 37.83
1857 37.83
1858 37.83
1859 37.82
1860 37.82
1861 37.85
1862 37.83
1863 37.84
1864 37.83
1865 37.82
1866 37.85
1867 37.84
1868 37.85
1869 37.85
1870 37.86
1871 37.86
1872 37.84
1873 37.83
1874 37.83
1875 37.82
1876 37.85
1877 37.83
1878 37.85
1879 37.84
1880 37.86
1881 37.86
1882 37.86
1883 37.86
1884 37.88
1885 37.86
1886 37.87
1887 37.86
1888 37.86
1889 37.86
1890 37.86
1891 37.87
1892 37.86
1893 37.87
1894 37.86
1895 37.88
1896 37.87
1897 37.87
1898 37.87
1899 37.88
1900 37.88
1901 37.88
1902 37.88
1903 37.88
1904 37.87
1905 37.90
1906 37.87
1907 37.88
1908 37.88
1909 37.88
1910 37.88
1911 37.90
1912 37.90
1913 37.88
1914 37.89
1915 37.89
1916 37.89
1917 37.88
1918 37.91
1919 37.91
1920 37.86
1921 37.89
1922 37.91
1923 37.91
1924 37.88
1925 37.91
1926 37.88
1927 37.91
1928 37.90
1929 37.89
1930 37.90
1931 37.90
1932 37.91
1933 37.92
1934 37.90
1935 37.93
1936 37.88
1937 37.88
1938 37.92
1939 37.91
1940 37.90
1941 37.91
1942 37.92
1943 37.91
1944 37.94
1945 37.94
1946 37.94
1947 37.94
1948 37.95
1949 37.92
1950 37.91
1951 37.92
1952 37.93
1953 37.90
1954 37.95
1955 37.91
1956 37.92
1957 37.92
1958 37.95
1959 37.91
1960 37.90
1961 37.94
1962 37.90
1963 37.92
1964 37.94
1965 37.94
1966 37.94
1967 37.93
1968 37.95
1969 37.96
1970 37.91
1971 37.92
1972 37.91
1973 37.95
1974 37.95
1975 37.92
1976 37.95
1977 37.95
1978 37.98
1979 37.97
1980 37.97
1981 37.96
1982 37.95
1983 37.96
1984 37.96
1985 37.95
1986 37.98
1987 37.97
1988 37.94
1989 37.99
1990 37.96
1991 37.94
1992 37.95
1993 37.94
1994 37.95
1995 37.98
1996 37.97
1997 37.96
1998 37.97
1999 37.98
2000 37.98
2001 37.94
2002 37.97
2003 37.96
2004 37.96
2005 37.98
2006 37.96
2007 37.98
2008 37.98
2009 37.95
2010 38.00
2011 37.99
2012 37.97
2013 37.98
2014 37.98
2015 37.98
2016 38.00
2017 37.98
2018 37.97
2019 37.98
2020 37.99
2021 37.98
2022 37.96
2023 37.97
2024 37.97
2025 37.98
2026 37.98
2027 37.98
2028 37.99
2029 37.98
2030 37.99
2031 37.97
2032 37.99
2033 38.00
2034 37.98
2035 38.00
2036 37.97
2037 38.00
2038 37.97
2039 37.98
2040 38.00
2041 38.00
2042 38.01
2043 38.00
2044 37.99
2045 38.01
2046 38.01
2047 37.99
2048 37.99
2049 37.99
2050 37.99
2051 38.00
2052 38.00
2053 38.00
2054 37.99
2055 38.01
2056 38.00
2057 38.00
2058 38.00
2059 37.99
2060 38.00
2061 37.99
2062 38.00
2063 38.00
2064 38.01
2065 38.01
2066 38.01
2067 38.01
2068 38.01
2069 38.01
2070 38.00
2071 38.02
2072 38.00
2073 38.01
2074 38.01
2075 38.01
2076 38.00
2077 38.00
2078 38.00
2079 38.00
2080 38.02
2081 38.00
2082 38.00
2083 38.02
2084 38.01
2085 38.01
2086 38.00
2087 38.01
2088 38.02
2089 38.01
2090 38.01
2091 38.01
2092 38.01
2093 38.00
2094 38.02
2095 38.03
2096 38.01
2097 38.01
2098 38.01
2099 38.03
2100 38.01
2101 38.01
2102 38.02
2103 38.02
2104 38.02
2105 38.01
2106 38.00
2107 38.02
2108 38.01
2109 38.03
2110 38.02
2111 38.01
2112 38.01
2113 38.02
2114 38.02
2115 38.03
2116 38.02
2117 38.02
2118 38.02
2119 38.02
2120 38.02
2121 38.01
2122 38.02
2123 38.02
2124 38.02
2125 38.02
2126 38.02
2127 38.02
2128 38.02
2129 38.01
2130 38.02
2131 38.01
2132 38.01
2133 38.03
2134 38.02
2135 38.03
2136 38.02
2137 38.02
2138 38.02
2139 38.03
2140 38.03
2141 38.02
2142 38.02
2143 38.02
2144 38.02
2145 38.02
2146 38.02
2147 38.02
2148 38.02
2149 38.03
2150 38.03
2151 38.02
2152 38.03
2153 38.02
2154 38.02
2155 38.02
2156 38.03
2157 38.03
2158 38.03
2159 38.03
2160 38.03
2161 38.03
2162 38.03
2163 38.03
2164 38.03
2165 38.03
2166 38.03
2167 38.02
2168 38.02
2169 38.02
2170 38.03
2171 38.03
2172 38.03
2173 38.03
2174 38.03
2175 38.03
2176 38.02
2177 38.03
2178 38.02
2179 38.02
2180 38.03
2181 38.03
2182 38.03
2183 38.03
2184 38.03
2185 38.03
2186 38.02
2187 38.03
2188 38.02
2189 38.03
2190 38.02
2191 38.03
2192 38.03
2193 38.03
2194 38.02
2195 38.03
2196 38.03
2197 38.03
2198 38.02
2199 38.03
2200 38.03
2201 38.03
2202 38.03
2203 38.02
2204 38.03
2205 38.02
2206 38.03
2207 38.03
2208 38.03
2209 38.03
2210 38.03
2211 38.03
2212 38.03
2213 38.03
2214 38.03
2215 38.02
2216 38.03
2217 38.03
2218 38.03
2219 38.03
2220 38.03
2221 38.03
2222 38.03
2223 38.03
2224 38.03
2225 38.03
2226 38.03
2227 38.03
2228 38.03
2229 38.03
2230 38.03
2231 38.03
2232 38.03
2233 38.02
2234 38.03
2235 38.03
2236 38.03
2237 38.03
2238 38.02
2239 38.03
2240 38.03
2241 38.03
2242 38.03
2243 38.03
2244 38.03
2245 38.03
2246 38.03
2247 38.03
2248 38.04
2249 38.03
2250 38.03
2251 38.03
2252 38.03
2253 38.03
2254 38.03
2255 38.03
2256 38.03
2257 38.03
2258 38.03
2259 38.03
2260 38.03
2261 38.03
2262 38.04
2263 38.03
2264 38.03
2265 38.03
2266 38.03
2267 38.03
2268 38.04
2269 38.03
2270 38.03
2271 38.03
2272 38.03
2273 38.03
2274 38.03
2275 38.03
2276 38.03
2277 38.03
2278 38.03
2279 38.03
2280 38.04
2281 38.03
2282 38.03
2283 38.03
2284 38.03
2285 38.03
2286 38.03
2287 38.03
2288 38.03
2289 38.03
2290 38.03
2291 38.03
2292 38.04
2293 38.04
2294 38.03
2295 38.03
2296 38.04
2297 38.04
2298 38.03
2299 38.03
2300 38.03
2301 38.03
2302 38.03
2303 38.03
2304 38.03
2305 38.03
2306 38.03
2307 38.03
2308 38.03
2309 38.05
2310 38.03
2311 38.04
2312 38.03
2313 38.04
2314 38.04
2315 38.04
2316 38.03
2317 38.04
2318 38.04
2319 38.04
2320 38.04
2321 38.05
2322 38.04
2323 38.04
2324 38.04
2325 38.04
2326 38.04
2327 38.04
2328 38.04
2329 38.03
2330 38.03
2331 38.04
2332 38.04
2333 38.03
2334 38.04
2335 38.04
2336 38.04
2337 38.04
2338 38.04
2339 38.04
2340 38.05
2341 38.04
2342 38.03
2343 38.05
2344 38.06
2345 38.05
2346 38.05
2347 38.04
2348 38.04
2349 38.05
2350 38.05
2351 38.05
2352 38.06
2353 38.05
2354 38.06
2355 38.05
2356 38.05
2357 38.05
2358 38.04
2359 38.05
2360 38.05
2361 38.04
2362 38.04
2363 38.06
2364 38.05
2365 38.06
2366 38.05
2367 38.04
2368 38.06
2369 38.04
2370 38.05
2371 38.06
2372 38.06
2373 38.05
2374 38.06
2375 38.06
2376 38.06
2377 38.05
2378 38.05
2379 38.06
2380 38.05
2381 38.08
2382 38.08
2383 38.06
2384 38.07
2385 38.05
2386 38.08
2387 38.07
2388 38.05
2389 38.05
2390 38.07
2391 38.06
2392 38.05
2393 38.06
2394 38.07
2395 38.07
2396 38.07
2397 38.07
2398 38.08
2399 38.07
2400 38.08
2401 38.07
2402 38.05
2403 38.06
2404 38.08
2405 38.08
2406 38.08
2407 38.07
2408 38.09
2409 38.07
2410 38.08
2411 38.09
2412 38.07
2413 38.09
2414 38.07
2415 38.09
2416 38.08
2417 38.08
2418 38.09
2419 38.08
2420 38.10
2421 38.11
2422 38.07
2423 38.09
2424 38.10
2425 38.08
2426 38.10
2427 38.09
2428 38.13
2429 38.10
2430 38.10
2431 38.09
2432 38.09
2433 38.11
2434 38.09
2435 38.10
2436 38.09
2437 38.10
2438 38.10
2439 38.10
2440 38.13
2441 38.08
2442 38.12
2443 38.11
2444 38.12
2445 38.09
2446 38.10
2447 38.11
2448 38.12
2449 38.12
2450 38.11
2451 38.14
2452 38.12
2453 38.12
2454 38.12
2455 38.14
2456 38.12
2457 38.11
2458 38.13
2459 38.13
2460 38.12
2461 38.13
2462 38.13
2463 38.12
2464 38.13
2465 38.15
2466 38.13
2467 38.11
2468 38.13
2469 38.14
2470 38.12
2471 38.09
2472 38.13
2473 38.11
2474 38.11
2475 38.12
2476 38.12
2477 38.12
2478 38.16
2479 38.14
2480 38.15
2481 38.14
2482 38.16
2483 38.18
2484 38.16
2485 38.16
2486 38.13
2487 38.14
2488 38.13
2489 38.16
2490 38.15
2491 38.18
2492 38.15
2493 38.15
2494 38.13
2495 38.16
2496 38.17
2497 38.19
2498 38.17
2499 38.15
2500 38.16
2501 38.14
2502 38.18
2503 38.17
2504 38.18
2505 38.14
2506 38.17
2507 38.18
2508 38.17
2509 38.18
2510 38.19
2511 38.15
2512 38.19
2513 38.17
2514 38.18
2515 38.16
2516 38.19
2517 38.18
2518 38.19
2519 38.17
2520 38.21
2521 38.16
2522 38.17
2523 38.18
2524 38.20
2525 38.18
2526 38.17
2527 38.22
2528 38.21
2529 38.21
2530 38.20
2531 38.18
2532 38.18
2533 38.18
2534 38.18
2535 38.19
2536 38.21
2537 38.22
2538 38.18
2539 38.20
2540 38.19
2541 38.18
2542 38.20
2543 38.21
2544 38.21
2545 38.21
2546 38.21
2547 38.20
2548 38.20
2549 38.19
2550 38.21
2551 38.21
2552 38.21
2553 38.21
2554 38.23
2555 38.21
2556 38.23
2557 38.20
2558 38.23
2559 38.20
2560 38.22
2561 38.20
2562 38.20
2563 38.21
2564 38.21
2565 38.20
2566 38.21
2567 38.22
2568 38.22
2569 38.22
2570 38.21
2571 38.21
2572 38.21
2573 38.21
2574 38.22
2575 38.22
2576 38.23
2577 38.23
2578 38.21
2579 38.23
2580 38.22
2581 38.22
2582 38.24
2583 38.21
2584 38.22
2585 38.21
2586 38.21
2587 38.22
2588 38.23
2589 38.22
2590 38.22
2591 38.22
2592 38.23
2593 38.23
2594 38.22
2595 38.23
2596 38.23
2597 38.21
2598 38.23
2599 38.25
2600 38.22
2601 38.23
2602 38.21
2603 38.24
2604 38.24
2605 38.23
2606 38.23
2607 38.23
2608 38.23
2609 38.22
2610 38.23
2611 38.24
2612 38.24
2613 38.22
2614 38.22
2615 38.23
2616 38.23
2617 38.24
2618 38.25
2619 38.23
2620 38.22
2621 38.23
2622 38.24
2623 38.24
2624 38.25
2625 38.24
2626 38.25
2627 38.22
2628 38.23
2629 38.23
2630 38.25
2631 38.25
2632 38.24
2633 38.25
2634 38.24
2635 38.25
2636 38.24
2637 38.24
2638 38.23
2639 38.24
2640 38.25
2641 38.25
2642 38.25
2643 38.25
2644 38.24
2645 38.23
2646 38.25
2647 38.24
2648 38.25
2649 38.25
2650 38.25
2651 38.25
2652 38.25
2653 38.24
2654 38.24
2655 38.25
2656 38.25
2657 38.25
2658 38.24
2659 38.24
2660 38.25
2661 38.25
2662 38.25
2663 38.25
2664 38.25
2665 38.25
2666 38.25
2667 38.24
2668 38.25
2669 38.25
2670 38.25
2671 38.25
2672 38.25
2673 38.25
2674 38.24
2675 38.25
2676 38.25
2677 38.24
2678 38.25
2679 38.25
2680 38.24
2681 38.23
2682 38.25
2683 38.25
2684 38.25
2685 38.25
2686 38.25
2687 38.25
2688 38.25
2689 38.25
2690 38.25
2691 38.25
2692 38.25
2693 38.25
2694 38.25
2695 38.26
2696 38.25
2697 38.25
2698 38.25
2699 38.25
2700 38.25
2701 38.25
2702 38.25
2703 38.25
2704 38.25
2705 38.25
2706 38.25
2707 38.25
2708 38.25
2709 38.25
2710 38.25
2711 38.25
2712 38.25
2713 38.25
2714 38.25
2715 38.25
2716 38.25
2717 38.25
2718 38.25
2719 38.25
2720 38.25
2721 38.25
2722 38.25
2723 38.25
2724 38.25
2725 38.25
2726 38.25
2727 38.25
2728 38.25
2729 38.25
2730 38.25
2731 38.25
2732 38.25
2733 38.25
2734 38.25
2735 38.25
2736 38.25
2737 38.25
2738 38.25
2739 38.25
2740 38.25
2741 38.25
2742 38.25
2743 38.26
2744 38.25
2745 38.25
2746 38.25
2747 38.25
2748 38.25
2749 38.25
2750 38.25
2751 38.25
2752 38.25
2753 38.26
2754 38.25
2755 38.25
2756 38.25
2757 38.25
2758 38.26
2759 38.25
2760 38.25
2761 38.25
2762 38.25
2763 38.26
2764 38.25
2765 38.25
2766 38.25
2767 38.25
2768 38.25
2769 38.25
2770 38.25
2771 38.25
2772 38.25
2773 38.25
2774 38.25
2775 38.25
2776 38.25
2777 38.25
2778 38.25
2779 38.25
2780 38.26
2781 38.25
2782 38.25
2783 38.25
2784 38.25
2785 38.25
2786 38.25
2787 38.25
2788 38.25
2789 38.26
2790 38.25
2791 38.26
2792 38.25
2793 38.25
2794 38.26
2795 38.25
2796 38.25
2797 38.25
2798 38.26
2799 38.25
2800 38.25
2801 38.26
2802 38.26
2803 38.25
2804 38.26
2805 38.25
2806 38.25
2807 38.26
2808 38.25
2809 38.26
2810 38.26
2811 38.26
2812 38.26
2813 38.26
2814 38.26
2815 38.25
2816 38.26
2817 38.26
2818 38.25
2819 38.25
2820 38.26
2821 38.27
2822 38.25
2823 38.26
2824 38.25
2825 38.26
2826 38.27
2827 38.26
2828 38.25
2829 38.25
2830 38.25
2831 38.26
2832 38.25
2833 38.26
2834 38.25
2835 38.26
2836 38.25
2837 38.25
2838 38.25
2839 38.26
2840 38.26
2841 38.26
2842 38.26
2843 38.25
2844 38.26
2845 38.25
2846 38.25
2847 38.26
2848 38.26
2849 38.26
2850 38.26
2851 38.26
2852 38.26
2853 38.25
2854 38.26
2855 38.26
2856 38.27
2857 38.26
2858 38.26
2859 38.26
2860 38.26
2861 38.26
2862 38.26
2863 38.26
2864 38.25
2865 38.26
2866 38.27
2867 38.27
2868 38.27
2869 38.27
2870 38.26
2871 38.25
2872 38.27
2873 38.27
2874 38.26
2875 38.28
2876 38.26
2877 38.27
2878 38.26
2879 38.27
2880 38.26
2881 38.26
2882 38.26
2883 38.27
2884 38.28
2885 38.26
2886 38.27
2887 38.27
2888 38.29
2889 38.29
2890 38.28
2891 38.26
2892 38.27
2893 38.26
2894 38.27
2895 38.28
2896 38.27
2897 38.27
2898 38.27
2899 38.27
2900 38.27
2901 38.29
2902 38.28
2903 38.26
2904 38.28
2905 38.28
2906 38.26
2907 38.27
2908 38.27
2909 38.28
2910 38.27
2911 38.29
2912 38.29
2913 38.27
2914 38.27
2915 38.28
2916 38.29
2917 38.29
2918 38.26
2919 38.27
2920 38.28
2921 38.27
2922 38.28
2923 38.27
2924 38.27
2925 38.27
2926 38.28
2927 38.28
2928 38.27
2929 38.29
2930 38.30
2931 38.27
2932 38.27
2933 38.28
2934 38.29
2935 38.29
2936 38.29
2937 38.29
2938 38.29
2939 38.29
2940 38.29
2941 38.29
2942 38.28
2943 38.28
2944 38.29
2945 38.31
2946 38.30
2947 38.29
2948 38.29
2949 38.31
2950 38.30
2951 38.30
2952 38.29
2953 38.30
2954 38.30
2955 38.29
2956 38.30
2957 38.32
2958 38.32
2959 38.30
2960 38.30
2961 38.32
2962 38.30
2963 38.31
2964 38.31
2965 38.30
2966 38.31
2967 38.32
2968 38.30
2969 38.31
2970 38.33
2971 38.32
2972 38.30
2973 38.31
2974 38.32
2975 38.32
2976 38.32
2977 38.34
2978 38.33
2979 38.29
2980 38.31
2981 38.31
2982 38.32
2983 38.34
2984 38.33
2985 38.31
2986 38.29
2987 38.34
2988 38.32
2989 38.32
2990 38.32
2991 38.30
2992 38.31
2993 38.31
2994 38.34
2995 38.30
2996 38.31
2997 38.31
2998 38.34
2999 38.34
3000 38.33
3001 38.34
3002 38.34
3003 38.30
3004 38.32
3005 38.32
3006 38.36
3007 38.33
3008 38.32
3009 38.35
3010 38.33
3011 38.33
3012 38.32
3013 38.35
3014 38.35
3015 38.34
3016 38.32
3017 38.36
3018 38.35
3019 38.35
3020 38.36
3021 38.34
3022 38.34
3023 38.36
3024 38.36
3025 38.37
3026 38.35
3027 38.35
3028 38.36
3029 38.38
3030 38.35
3031 38.34
3032 38.35
3033 38.38
3034 38.37
3035 38.37
3036 38.36
3037 38.37
3038 38.37
3039 38.36
3040 38.36
3041 38.37
3042 38.33
3043 38.39
3044 38.40
3045 38.38
3046 38.38
3047 38.38
3048 38.39
3049 38.38
3050 38.36
3051 38.40
3052 38.37
3053 38.37
3054 38.36
3055 38.38
3056 38.38
3057 38.38
3058 38.40
3059 38.40
3060 38.38
3061 38.37
3062 38.42
3063 38.39
3064 38.38
3065 38.36
3066 38.36
3067 38.39
3068 38.37
3069 38.39
3070 38.40
3071 38.39
3072 38.42
3073 38.38
3074 38.40
3075 38.39
3076 38.42
3077 38.40
3078 38.38
3079 38.39
3080 38.42
3081 38.40
3082 38.42
3083 38.39
3084 38.44
3085 38.41
3086 38.40
3087 38.42
3088 38.39
3089 38.38
3090 38.42
3091 38.39
3092 38.41
3093 38.38
3094 38.40
3095 38.40
3096 38.40
3097 38.39
3098 38.39
3099 38.40
3100 38.41
3101 38.41
3102 38.40
3103 38.40
3104 38.40
3105 38.42
3106 38.42
3107 38.44
3108 38.43
3109 38.43
3110 38.44
3111 38.42
3112 38.40
3113 38.42
3114 38.43
3115 38.42
3116 38.41
3117 38.44
3118 38.43
3119 38.40
3120 38.43
3121 38.43
3122 38.43
3123 38.45
3124 38.42
3125 38.45
3126 38.42
3127 38.44
3128 38.44
3129 38.42
3130 38.45
3131 38.43
3132 38.43
3133 38.44
3134 38.44
3135 38.45
3136 38.43
3137 38.43
3138 38.45
3139 38.45
3140 38.44
3141 38.44
3142 38.46
3143 38.47
3144 38.45
3145 38.45
3146 38.44
3147 38.43
3148 38.45
3149 38.45
3150 38.44
3151 38.45
3152 38.44
3153 38.45
3154 38.44
3155 38.45
3156 38.45
3157 38.44
3158 38.44
3159 38.45
3160 38.44
3161 38.45
3162 38.45
3163 38.46
3164 38.45
3165 38.45
3166 38.44
3167 38.45
3168 38.45
3169 38.45
3170 38.45
3171 38.44
3172 38.46
3173 38.44
3174 38.46
3175 38.43
3176 38.46
3177 38.45
3178 38.45
3179 38.47
3180 38.47
3181 38.46
3182 38.46
3183 38.45
3184 38.46
3185 38.47
3186 38.45
3187 38.45
3188 38.45
3189 38.46
3190 38.47
3191 38.46
3192 38.46
3193 38.47
3194 38.47
3195 38.46
3196 38.46
3197 38.46
3198 38.47
3199 38.46
3200 38.47
3201 38.46
3202 38.47
3203 38.47
3204 38.46
3205 38.46
3206 38.46
3207 38.47
3208 38.47
3209 38.47
3210 38.47
3211 38.47
3212 38.46
3213 38.47
3214 38.45
3215 38.47
3216 38.46
3217 38.47
3218 38.47
3219 38.47
3220 38.47
3221 38.48
3222 38.47
3223 38.46
3224 38.47
3225 38.47
3226 38.46
3227 38.46
3228 38.47
3229 38.47
3230 38.48
3231 38.46
3232 38.47
3233 38.47
3234 38.47
3235 38.47
3236 38.47
3237 38.46
3238 38.48
3239 38.48
3240 38.47
3241 38.47
3242 38.47
3243 38.48
3244 38.48
3245 38.46
3246 38.47
3247 38.48
3248 38.48
3249 38.47
3250 38.48
3251 38.48
3252 38.47
3253 38.48
3254 38.47
3255 38.47
3256 38.48
3257 38.47
3258 38.47
3259 38.48
3260 38.48
3261 38.46
3262 38.48
3263 38.48
3264 38.48
3265 38.48
3266 38.48
3267 38.48
3268 38.48
3269 38.47
3270 38.48
3271 38.48
3272 38.48
3273 38.48
3274 38.47
3275 38.48
3276 38.48
3277 38.48
3278 38.48
3279 38.48
3280 38.48
3281 38.48
3282 38.48
3283 38.47
3284 38.48
3285 38.48
3286 38.48
3287 38.48
3288 38.48
3289 38.48
3290 38.48
3291 38.47
3292 38.48
3293 38.48
3294 38.48
3295 38.48
3296 38.48
3297 38.47
3298 38.48
3299 38.48
3300 38.48
3301 38.48
3302 38.48
3303 38.48
3304 38.48
3305 38.47
3306 38.48
3307 38.48
3308 38.48
3309 38.47
3310 38.47
3311 38.47
3312 38.48
3313 38.48
3314 38.48
3315 38.48
3316 38.48
3317 38.48
3318 38.48
3319 38.48
3320 38.48
3321 38.47
3322 38.47
3323 38.48
3324 38.47
3325 38.47
3326 38.48
3327 38.48
3328 38.48
3329 38.48
3330 38.48
3331 38.48
3332 38.48
3333 38.48
3334 38.48
3335 38.48
3336 38.47
3337 38.48
3338 38.48
3339 38.47
3340 38.48
3341 38.48
3342 38.48
3343 38.48
3344 38.48
3345 38.48
3346 38.48
3347 38.48
3348 38.48
3349 38.48
3350 38.48
3351 38.48
3352 38.48
3353 38.48
3354 38.48
3355 38.48
3356 38.48
3357 38.48
3358 38.48
3359 38.48
3360 38.48
3361 38.48
3362 38.48
3363 38.47
3364 38.48
3365 38.48
3366 38.48
3367 38.48
3368 38.48
3369 38.48
3370 38.48
3371 38.48
3372 38.48
3373 38.48
3374 38.48
3375 38.48
3376 38.48
3377 38.48
3378 38.48
3379 38.48
3380 38.48
3381 38.48
3382 38.48
3383 38.48
3384 38.48
3385 38.48
3386 38.48
3387 38.48
3388 38.48
3389 38.48
3390 38.48
3391 38.48
3392 38.48
3393 38.48
3394 38.48
3395 38.48
3396 38.48
3397 38.48
3398 38.48
3399 38.48
3400 38.48
3401 38.48
3402 38.48
3403 38.48
3404 38.48
3405 38.48
3406 38.48
3407 38.48
3408 38.48
3409 38.48
3410 38.48
3411 38.48
3412 38.48
3413 38.48
3414 38.48
3415 38.49
3416 38.48
3417 38.48
3418 38.48
3419 38.48
3420 38.48
3421 38.48
3422 38.48
3423 38.48
3424 38.48
3425 38.48
3426 38.48
3427 38.48
3428 38.48
3429 38.48
3430 38.48
3431 38.49
3432 38.48
3433 38.48
3434 38.48
3435 38.48
3436 38.48
3437 38.48
3438 38.48
3439 38.49
3440 38.48
3441 38.49
3442 38.48
3443 38.48
3444 38.49
3445 38.48
3446 38.48
3447 38.48
3448 38.48
3449 38.48
3450 38.48
3451 38.48
3452 38.48
3453 38.48
3454 38.48
3455 38.49
3456 38.48
3457 38.48
3458 38.48
3459 38.48
3460 38.48
3461 38.48
3462 38.48
3463 38.48
3464 38.48
3465 38.48
3466 38.49
3467 38.48
3468 38.48
3469 38.48
3470 38.48
3471 38.48
3472 38.49
3473 38.48
3474 38.48
3475 38.48
3476 38.48
3477 38.48
3478 38.48
3479 38.49
3480 38.48
3481 38.49
3482 38.49
3483 38.48
3484 38.48
3485 38.48
3486 38.48
3487 38.48
3488 38.48
3489 38.48
3490 38.48
3491 38.48
3492 38.49
3493 38.49
3494 38.48
3495 38.48
3496 38.48
3497 38.49
3498 38.49
3499 38.49
3500 38.49
3501 38.48
3502 38.48
3503 38.49
3504 38.48
3505 38.48
3506 38.48
3507 38.48
3508 38.48
3509 38.49
3510 38.49
3511 38.49
3512 38.49
3513 38.49
3514 38.48
3515 38.48
3516 38.49
3517 38.48
3518 38.48
3519 38.48
3520 38.49
3521 38.49
3522 38.50
3523 38.49
3524 38.50
3525 38.48
3526 38.48
3527 38.49
3528 38.48
3529 38.50
3530 38.49
3531 38.49
3532 38.49
3533 38.48
3534 38.49
3535 38.50
3536 38.49
3537 38.49
3538 38.50
3539 38.49
3540 38.48
3541 38.49
3542 38.48
3543 38.50
3544 38.49
3545 38.49
3546 38.48
3547 38.49
3548 38.49
3549 38.50
3550 38.50
3551 38.48
3552 38.49
3553 38.51
3554 38.50
3555 38.49
3556 38.49
3557 38.49
3558 38.50
3559 38.49
3560 38.49
3561 38.50
3562 38.49
3563 38.50
3564 38.50
3565 38.49
3566 38.49
3567 38.49
3568 38.49
3569 38.49
3570 38.49
3571 38.48
3572 38.49
3573 38.49
3574 38.51
3575 38.50
3576 38.51
3577 38.51
3578 38.49
3579 38.51
3580 38.51
3581 38.49
3582 38.52
3583 38.51
3584 38.53
3585 38.52
3586 38.51
3587 38.50
3588 38.50
3589 38.52
3590 38.50
3591 38.50
3592 38.51
3593 38.51
3594 38.51
3595 38.49
3596 38.52
3597 38.50
3598 38.50
3599 38.49
3600 38.51
3601 38.49
3602 38.51
3603 38.50
3604 38.50
3605 38.51
3606 38.51
3607 38.52
3608 38.50
3609 38.52
3610 38.50
3611 38.52
3612 38.49
3613 38.53
3614 38.49
3615 38.50
3616 38.50
3617 38.51
3618 38.51
3619 38.53
3620 38.51
3621 38.51
3622 38.51
3623 38.52
3624 38.51
3625 38.52
3626 38.50
3627 38.53
3628 38.51
3629 38.51
3630 38.49
3631 38.52
3632 38.49
3633 38.52
3634 38.52
3635 38.51
3636 38.51
3637 38.51
3638 38.51
3639 38.52
3640 38.51
3641 38.52
3642 38.53
3643 38.51
3644 38.52
3645 38.51
3646 38.51
3647 38.50
3648 38.52
3649 38.52
3650 38.54
3651 38.55
3652 38.53
3653 38.52
3654 38.53
3655 38.53
3656 38.52
3657 38.54
3658 38.53
3659 38.52
3660 38.51
3661 38.51
3662 38.53
3663 38.51
3664 38.53
3665 38.51
3666 38.52
3667 38.53
3668 38.53
3669 38.54
3670 38.52
3671 38.53
3672 38.51
3673 38.52
3674 38.52
3675 38.53
3676 38.51
3677 38.53
3678 38.52
3679 38.52
3680 38.54
3681 38.52
3682 38.55
3683 38.51
3684 38.51
3685 38.54
3686 38.53
3687 38.55
3688 38.55
3689 38.54
3690 38.53
3691 38.54
3692 38.51
3693 38.55
3694 38.53
3695 38.53
3696 38.54
3697 38.53
3698 38.54
3699 38.52
3700 38.55
3701 38.53
3702 38.52
3703 38.53
3704 38.57
3705 38.53
3706 38.53
3707 38.52
3708 38.52
3709 38.55
3710 38.54
3711 38.54
3712 38.53
3713 38.53
3714 38.55
3715 38.52
3716 38.53
3717 38.53
3718 38.53
3719 38.56
3720 38.53
3721 38.54
3722 38.55
3723 38.54
3724 38.57
3725 38.55
3726 38.53
3727 38.52
3728 38.52
3729 38.55
3730 38.53
3731 38.54
3732 38.53
3733 38.57
3734 38.53
3735 38.54
3736 38.55
3737 38.55
3738 38.55
3739 38.54
3740 38.56
3741 38.56
3742 38.54
3743 38.58
3744 38.54
3745 38.53
3746 38.55
3747 38.54
3748 38.59
3749 38.55
3750 38.56
3751 38.56
3752 38.56
3753 38.56
3754 38.56
3755 38.56
3756 38.54
3757 38.58
3758 38.53
3759 38.57
3760 38.56
3761 38.58
3762 38.57
3763 38.58
3764 38.57
3765 38.56
3766 38.57
3767 38.57
3768 38.56
3769 38.59
3770 38.57
3771 38.55
3772 38.56
3773 38.54
3774 38.57
3775 38.58
3776 38.56
3777 38.56
3778 38.56
3779 38.53
3780 38.54
3781 38.58
3782 38.55
3783 38.56
3784 38.56
3785 38.56
3786 38.53
3787 38.56
3788 38.58
3789 38.57
3790 38.56
3791 38.56
3792 38.56
3793 38.57
3794 38.55
3795 38.57
3796 38.58
3797 38.56
3798 38.57
3799 38.60
3800 38.56
3801 38.60
3802 38.60
3803 38.58
3804 38.62
3805 38.57
3806 38.60
3807 38.60
3808 38.61
3809 38.59
3810 38.58
3811 38.60
3812 38.59
3813 38.59
3814 38.56
3815 38.59
3816 38.60
3817 38.60
3818 38.60
3819 38.59
3820 38.60
3821 38.59
3822 38.63
3823 38.63
3824 38.63
3825 38.61
3826 38.59
3827 38.62
3828 38.59
3829 38.57
3830 38.61
3831 38.59
3832 38.60
3833 38.58
3834 38.60
3835 38.62
3836 38.62
3837 38.59
3838 38.62
3839 38.62
3840 38.62
3841 38.60
3842 38.59
3843 38.61
3844 38.63
3845 38.61
3846 38.61
3847 38.58
3848 38.62
3849 38.62
3850 38.63
3851 38.62
3852 38.65
3853 38.60
3854 38.62
3855 38.63
3856 38.61
3857 38.62
3858 38.62
3859 38.62
3860 38.64
3861 38.61
3862 38.60
3863 38.65
3864 38.62
3865 38.62
3866 38.61
3867 38.65
3868 38.60
3869 38.64
3870 38.60
3871 38.61
3872 38.61
3873 38.63
3874 38.65
3875 38.63
3876 38.64
3877 38.65
3878 38.62
3879 38.63
3880 38.61
3881 38.62
3882 38.63
3883 38.63
3884 38.63
3885 38.62
3886 38.66
3887 38.65
3888 38.64
3889 38.64
3890 38.63
3891 38.62
3892 38.64
3893 38.64
3894 38.64
3895 38.64
3896 38.63
3897 38.64
3898 38.64
3899 38.62
3900 38.65
3901 38.61
3902 38.62
3903 38.63
3904 38.62
3905 38.64
3906 38.64
3907 38.64
3908 38.63
3909 38.62
3910 38.65
3911 38.66
3912 38.63
3913 38.63
3914 38.64
3915 38.64
3916 38.65
3917 38.66
3918 38.65
3919 38.64
3920 38.62
3921 38.64
3922 38.66
3923 38.65
3924 38.64
3925 38.64
3926 38.66
3927 38.66
3928 38.66
3929 38.66
3930 38.65
3931 38.65
3932 38.67
3933 38.62
3934 38.66
3935 38.65
3936 38.66
3937 38.65
3938 38.66
3939 38.67
3940 38.66
3941 38.66
3942 38.65
3943 38.69
3944 38.66
3945 38.66
3946 38.66
3947 38.64
3948 38.66
3949 38.65
3950 38.66
3951 38.65
3952 38.65
3953 38.68
3954 38.65
3955 38.66
3956 38.67
3957 38.67
3958 38.64
3959 38.65
3960 38.66
3961 38.68
3962 38.69
3963 38.67
3964 38.66
3965 38.68
3966 38.68
3967 38.64
3968 38.66
3969 38.67
3970 38.66
3971 38.65
3972 38.67
3973 38.67
3974 38.65
3975 38.67
3976 38.66
3977 38.68
3978 38.66
3979 38.67
3980 38.66
3981 38.66
3982 38.66
3983 38.66
3984 38.68
3985 38.66
3986 38.67
3987 38.66
3988 38.67
3989 38.66
3990 38.66
3991 38.67
3992 38.67
3993 38.68
3994 38.68
3995 38.67
3996 38.66
3997 38.66
3998 38.67
3999 38.69
4000 38.68
4001 38.65
4002 38.66
4003 38.68
4004 38.69
4005 38.67
4006 38.67
4007 38.69
4008 38.68
4009 38.68
4010 38.68
4011 38.68
4012 38.69
4013 38.66
4014 38.69
4015 38.68
4016 38.68
4017 38.68
4018 38.65
4019 38.69
4020 38.68
4021 38.68
4022 38.68
4023 38.68
4024 38.69
4025 38.67
4026 38.67
4027 38.67
4028 38.68
4029 38.66
4030 38.69
4031 38.67
4032 38.68
4033 38.68
4034 38.66
4035 38.68
4036 38.66
4037 38.66
4038 38.68
4039 38.68
4040 38.67
4041 38.68
4042 38.68
4043 38.70
4044 38.67
4045 38.68
4046 38.66
4047 38.66
4048 38.68
4049 38.69
4050 38.69
4051 38.67
4052 38.68
4053 38.69
4054 38.69
4055 38.69
4056 38.67
4057 38.67
4058 38.68
4059 38.69
4060 38.66
4061 38.68
4062 38.68
4063 38.66
4064 38.69
4065 38.69
4066 38.69
4067 38.69
4068 38.68
4069 38.68
4070 38.68
4071 38.68
4072 38.69
4073 38.69
4074 38.68
4075 38.68
4076 38.69
4077 38.70
4078 38.67
4079 38.68
4080 38.68
4081 38.69
4082 38.69
4083 38.69
4084 38.69
4085 38.68
4086 38.69
4087 38.67
4088 38.68
4089 38.69
4090 38.69
4091 38.68
4092 38.68
4093 38.69
4094 38.69
4095 38.68
4096 38.69
4097 38.70
4098 38.69
4099 38.70
4100 38.70
4101 38.69
4102 38.69
4103 38.69
4104 38.70
4105 38.69
4106 38.69
4107 38.69
4108 38.69
4109 38.68
4110 38.70
4111 38.67
4112 38.69
4113 38.69
4114 38.69
4115 38.70
4116 38.69
4117 38.68
4118 38.70
4119 38.70
4120 38.70
4121 38.68
4122 38.69
4123 38.70
4124 38.69
4125 38.68
4126 38.70
4127 38.69
4128 38.69
4129 38.70
4130 38.67
4131 38.69
4132 38.70
4133 38.69
4134 38.69
4135 38.70
4136 38.69
4137 38.70
4138 38.70
4139 38.70
4140 38.69
4141 38.70
4142 38.69
4143 38.69
4144 38.69
4145 38.70
4146 38.68
4147 38.69
4148 38.71
4149 38.69
4150 38.70
4151 38.69
4152 38.70
4153 38.69
4154 38.70
4155 38.69
4156 38.69
4157 38.70
4158 38.70
4159 38.69
4160 38.68
4161 38.70
4162 38.70
4163 38.70
4164 38.70
4165 38.70
4166 38.69
4167 38.70
4168 38.70
4169 38.69
4170 38.70
4171 38.70
4172 38.70
4173 38.69
4174 38.71
4175 38.71
4176 38.70
4177 38.70
4178 38.70
4179 38.69
4180 38.71
4181 38.69
4182 38.70
4183 38.70
4184 38.70
4185 38.71
4186 38.70
4187 38.70
4188 38.69
4189 38.69
4190 38.70
4191 38.71
4192 38.69
4193 38.71
4194 38.70
4195 38.70
4196 38.71
4197 38.69
4198 38.70
4199 38.71
4200 38.70
4201 38.70
4202 38.70
4203 38.70
4204 38.70
4205 38.70
4206 38.70
4207 38.70
4208 38.70
4209 38.70
4210 38.71
4211 38.70
4212 38.70
4213 38.71
4214 38.71
4215 38.70
4216 38.70
4217 38.70
4218 38.70
4219 38.70
4220 38.71
4221 38.70
4222 38.70
4223 38.70
4224 38.71
4225 38.70
4226 38.71
4227 38.70
4228 38.70
4229 38.70
4230 38.71
4231 38.71
4232 38.71
4233 38.70
4234 38.70
4235 38.69
4236 38.70
4237 38.70
4238 38.70
4239 38.70
4240 38.70
4241 38.70
4242 38.71
4243 38.71
4244 38.70
4245 38.70
4246 38.70
4247 38.70
4248 38.71
4249 38.71
4250 38.71
4251 38.70
4252 38.71
4253 38.71
4254 38.71
4255 38.71
4256 38.71
4257 38.71
4258 38.71
4259 38.71
4260 38.71
4261 38.70
4262 38.70
4263 38.71
4264 38.71
4265 38.71
4266 38.71
4267 38.71
4268 38.71
4269 38.70
4270 38.70
4271 38.70
4272 38.70
4273 38.71
4274 38.71
4275 38.71
4276 38.70
4277 38.70
4278 38.71
4279 38.70
4280 38.71
4281 38.70
4282 38.70
4283 38.70
4284 38.70
4285 38.71
4286 38.70
4287 38.71
4288 38.70
4289 38.71
4290 38.70
4291 38.70
4292 38.70
4293 38.71
4294 38.71
4295 38.71
4296 38.71
4297 38.70
4298 38.71
4299 38.70
4300 38.70
4301 38.71
4302 38.70
4303 38.71
4304 38.71
4305 38.71
4306 38.71
4307 38.70
4308 38.71
4309 38.71
4310 38.71
4311 38.70
4312 38.70
4313 38.71
4314 38.71
4315 38.71
4316 38.71
4317 38.71
4318 38.71
4319 38.70
4320 38.70
4321 38.71
4322 38.71
4323 38.71
4324 38.71
4325 38.71
4326 38.71
4327 38.70
4328 38.71
4329 38.71
4330 38.71
4331 38.71
4332 38.71
4333 38.70
4334 38.71
4335 38.71
4336 38.71
4337 38.70
4338 38.71
4339 38.71
4340 38.70
4341 38.71
4342 38.70
4343 38.71
4344 38.70
4345 38.70
4346 38.71
4347 38.71
4348 38.71
4349 38.70
4350 38.71
4351 38.70
4352 38.71
4353 38.70
4354 38.71
4355 38.71
4356 38.71
4357 38.71
4358 38.71
4359 38.71
4360 38.70
4361 38.70
4362 38.71
4363 38.71
4364 38.70
4365 38.71
4366 38.71
4367 38.71
4368 38.71
4369 38.70
4370 38.71
4371 38.70
4372 38.71
4373 38.71
4374 38.71
4375 38.71
4376 38.71
4377 38.70
4378 38.71
4379 38.71
4380 38.71
4381 38.71
4382 38.71
4383 38.71
4384 38.71
4385 38.71
4386 38.71
4387 38.71
4388 38.71
4389 38.71
4390 38.71
4391 38.70
4392 38.71
4393 38.71
4394 38.70
4395 38.71
4396 38.70
4397 38.71
4398 38.71
4399 38.71
4400 38.71
4401 38.71
4402 38.71
4403 38.71
4404 38.71
4405 38.71
4406 38.71
4407 38.71
4408 38.71
4409 38.71
4410 38.71
4411 38.71
4412 38.71
4413 38.71
4414 38.71
4415 38.71
4416 38.71
4417 38.71
4418 38.71
4419 38.71
4420 38.70
4421 38.71
4422 38.71
4423 38.70
4424 38.71
4425 38.71
4426 38.71
4427 38.71
4428 38.71
4429 38.70
4430 38.71
4431 38.71
4432 38.71
4433 38.71
4434 38.71
4435 38.71
4436 38.70
4437 38.71
4438 38.71
4439 38.71
4440 38.71
4441 38.71
4442 38.71
4443 38.71
4444 38.71
4445 38.71
4446 38.71
4447 38.72
4448 38.71
4449 38.71
4450 38.71
4451 38.71
4452 38.72
4453 38.71
4454 38.71
4455 38.71
4456 38.71
4457 38.71
4458 38.71
4459 38.71
4460 38.71
4461 38.70
4462 38.71
4463 38.71
4464 38.71
4465 38.71
4466 38.71
4467 38.71
4468 38.71
4469 38.71
4470 38.71
4471 38.71
4472 38.71
4473 38.71
4474 38.71
4475 38.71
4476 38.71
4477 38.71
4478 38.71
4479 38.70
4480 38.72
4481 38.70
4482 38.71
4483 38.71
4484 38.71
4485 38.71
4486 38.71
4487 38.71
4488 38.71
4489 38.72
4490 38.71
4491 38.71
4492 38.71
4493 38.71
4494 38.72
4495 38.71
4496 38.71
4497 38.72
4498 38.71
4499 38.70
4500 38.71
4501 38.71
4502 38.71
4503 38.71
4504 38.71
4505 38.71
4506 38.71
4507 38.71
4508 38.71
4509 38.71
4510 38.71
4511 38.71
4512 38.71
4513 38.71
4514 38.71
4515 38.71
4516 38.71
4517 38.71
4518 38.71
4519 38.71
4520 38.71
4521 38.71
4522 38.71
4523 38.71
4524 38.71
4525 38.71
4526 38.71
4527 38.71
4528 38.71
4529 38.71
4530 38.71
4531 38.71
4532 38.71
4533 38.71
4534 38.71
4535 38.72
4536 38.71
4537 38.71
4538 38.71
4539 38.71
4540 38.71
4541 38.72
4542 38.71
4543 38.71
4544 38.71
4545 38.71
4546 38.71
4547 38.71
4548 38.71
4549 38.71
4550 38.71
4551 38.71
4552 38.71
4553 38.71
4554 38.71
4555 38.71
4556 38.71
4557 38.71
4558 38.71
4559 38.72
4560 38.72
4561 38.71
4562 38.72
4563 38.72
4564 38.71
4565 38.71
4566 38.71
4567 38.71
4568 38.71
4569 38.71
4570 38.71
4571 38.71
4572 38.71
4573 38.71
4574 38.71
4575 38.72
4576 38.72
4577 38.71
4578 38.71
4579 38.72
4580 38.71
4581 38.71
4582 38.72
4583 38.71
4584 38.71
4585 38.71
4586 38.71
4587 38.71
4588 38.72
4589 38.71
4590 38.71
4591 38.71
4592 38.71
4593 38.71
4594 38.71
4595 38.72
4596 38.73
4597 38.71
4598 38.71
4599 38.71
4600 38.72
4601 38.71
4602 38.71
4603 38.71
4604 38.71
4605 38.72
4606 38.72
4607 38.72
4608 38.72
4609 38.72
4610 38.72
4611 38.72
4612 38.72
4613 38.72
4614 38.71
4615 38.71
4616 38.71
4617 38.71
4618 38.71
4619 38.71
4620 38.72
4621 38.71
4622 38.72
4623 38.71
4624 38.72
4625 38.71
4626 38.71
4627 38.71
4628 38.71
4629 38.71
4630 38.71
4631 38.71
4632 38.73
4633 38.71
4634 38.72
4635 38.71
4636 38.72
4637 38.72
4638 38.72
4639 38.71
4640 38.71
4641 38.71
4642 38.72
4643 38.71
4644 38.70
4645 38.72
4646 38.71
4647 38.71
4648 38.71
4649 38.71
4650 38.71
4651 38.70
4652 38.72
4653 38.72
4654 38.71
4655 38.71
4656 38.72
4657 38.71
4658 38.71
4659 38.72
4660 38.72
4661 38.71
4662 38.73
4663 38.71
4664 38.72
4665 38.71
4666 38.71
4667 38.71
4668 38.70
4669 38.72
4670 38.72
4671 38.71
4672 38.72
4673 38.71
4674 38.72
4675 38.71
4676 38.72
4677 38.71
4678 38.71
4679 38.71
4680 38.71
4681 38.72
4682 38.71
4683 38.72
4684 38.71
4685 38.71
4686 38.71
4687 38.72
4688 38.72
4689 38.72
4690 38.71
4691 38.71
4692 38.70
4693 38.72
4694 38.71
4695 38.71
4696 38.72
4697 38.72
4698 38.71
4699 38.72
4700 38.72
4701 38.71
4702 38.71
4703 38.71
4704 38.72
4705 38.71
4706 38.72
4707 38.71
4708 38.72
4709 38.71
4710 38.72
4711 38.72
4712 38.71
4713 38.71
4714 38.73
4715 38.73
4716 38.71
4717 38.72
4718 38.72
4719 38.72
4720 38.71
4721 38.72
4722 38.72
4723 38.72
4724 38.71
4725 38.72
4726 38.71
4727 38.72
4728 38.74
4729 38.71
4730 38.71
4731 38.72
4732 38.72
4733 38.73
4734 38.72
4735 38.71
4736 38.72
4737 38.71
4738 38.71
4739 38.71
4740 38.72
4741 38.72
4742 38.71
4743 38.72
4744 38.72
4745 38.71
4746 38.72
4747 38.73
4748 38.72
4749 38.71
4750 38.71
4751 38.71
4752 38.72
4753 38.72
4754 38.71
4755 38.73
4756 38.72
4757 38.72
4758 38.73
4759 38.71
4760 38.72
4761 38.72
4762 38.73
4763 38.72
4764 38.72
4765 38.71
4766 38.75
4767 38.71
4768 38.72
4769 38.71
4770 38.72
4771 38.72
4772 38.72
4773 38.71
4774 38.71
4775 38.72
4776 38.73
4777 38.72
4778 38.72
4779 38.71
4780 38.72
4781 38.71
4782 38.73
4783 38.72
4784 38.72
4785 38.72
4786 38.73
4787 38.73
4788 38.72
4789 38.72
4790 38.72
4791 38.72
4792 38.72
4793 38.71
4794 38.72
4795 38.73
4796 38.71
4797 38.71
4798 38.73
4799 38.71
4800 38.72
4801 38.71
4802 38.72
4803 38.72
4804 38.72
4805 38.72
4806 38.72
4807 38.73
4808 38.73
4809 38.72
4810 38.73
4811 38.72
4812 38.72
4813 38.72
4814 38.73
4815 38.72
4816 38.72
4817 38.72
4818 38.73
4819 38.73
4820 38.73
4821 38.72
4822 38.73
4823 38.73
4824 38.73
4825 38.72
4826 38.72
4827 38.73
4828 38.73
4829 38.71
4830 38.72
4831 38.73
4832 38.72
4833 38.72
4834 38.72
4835 38.72
4836 38.71
4837 38.72
4838 38.72
4839 38.73
4840 38.72
4841 38.72
4842 38.73
4843 38.72
4844 38.73
4845 38.73
4846 38.72
4847 38.72
4848 38.71
4849 38.72
4850 38.73
4851 38.73
4852 38.73
4853 38.72
4854 38.73
4855 38.72
4856 38.72
4857 38.72
4858 38.73
4859 38.73
4860 38.72
4861 38.72
4862 38.72
4863 38.73
4864 38.73
4865 38.72
4866 38.72
4867 38.73
4868 38.72
4869 38.73
4870 38.72
4871 38.73
4872 38.71
4873 38.73
4874 38.73
4875 38.73
4876 38.73
4877 38.71
4878 38.74
4879 38.72
4880 38.73
4881 38.72
4882 38.73
4883 38.73
4884 38.74
4885 38.73
4886 38.72
4887 38.73
4888 38.73
4889 38.74
4890 38.73
4891 38.72
4892 38.74
4893 38.73
4894 38.73
4895 38.74
4896 38.73
4897 38.73
4898 38.72
4899 38.73
4900 38.73
4901 38.73
4902 38.73
4903 38.71
4904 38.73
4905 38.73
4906 38.75
4907 38.73
4908 38.74
4909 38.73
4910 38.73
4911 38.73
4912 38.74
4913 38.73
4914 38.72
4915 38.73
4916 38.73
4917 38.74
4918 38.74
4919 38.73
4920 38.73
4921 38.74
4922 38.73
4923 38.72
4924 38.74
4925 38.73
4926 38.74
4927 38.74
4928 38.74
4929 38.74
4930 38.73
4931 38.73
4932 38.75
4933 38.74
4934 38.73
4935 38.74
4936 38.74
4937 38.74
4938 38.72
4939 38.73
4940 38.73
4941 38.73
4942 38.75
4943 38.74
4944 38.74
4945 38.74
4946 38.73
4947 38.73
4948 38.73
4949 38.73
4950 38.73
4951 38.72
4952 38.74
4953 38.73
4954 38.73
4955 38.74
4956 38.76
4957 38.73
4958 38.73
4959 38.73
4960 38.73
4961 38.74
4962 38.75
4963 38.73
4964 38.73
4965 38.72
4966 38.72
4967 38.73
4968 38.74
4969 38.73
4970 38.73
4971 38.74
4972 38.74
4973 38.74
4974 38.76
4975 38.73
4976 38.75
4977 38.74
4978 38.73
4979 38.75
4980 38.75
4981 38.73
4982 38.73
4983 38.74
4984 38.73
4985 38.75
4986 38.74
4987 38.75
4988 38.73
4989 38.73
4990 38.72
4991 38.74
4992 38.75
4993 38.74
4994 38.74
4995 38.76
4996 38.74
4997 38.75
4998 38.74
4999 38.75
5000 38.73
5001 38.73
5002 38.74
5003 38.73
5004 38.74
5005 38.73
5006 38.75
5007 38.73
5008 38.72
5009 38.74
5010 38.73
5011 38.73
5012 38.75
5013 38.73
5014 38.73
5015 38.73
5016 38.75
5017 38.74
5018 38.72
5019 38.73
5020 38.75
5021 38.74
5022 38.75
5023 38.74
5024 38.75
5025 38.73
5026 38.74
5027 38.74
5028 38.74
5029 38.77
5030 38.73
5031 38.73
5032 38.73
5033 38.73
5034 38.76
5035 38.74
5036 38.76
5037 38.72
5038 38.73
5039 38.73
5040 38.74
5041 38.75
5042 38.73
5043 38.76
5044 38.76
5045 38.74
5046 38.73
5047 38.74
5048 38.74
5049 38.75
5050 38.74
5051 38.74
5052 38.74
5053 38.75
5054 38.75
5055 38.76
5056 38.74
5057 38.75
5058 38.75
5059 38.74
5060 38.74
5061 38.73
5062 38.74
5063 38.74
5064 38.75
5065 38.73
5066 38.76
5067 38.75
5068 38.75
5069 38.75
5070 38.74
5071 38.75
5072 38.74
5073 38.75
5074 38.75
5075 38.74
5076 38.75
5077 38.73
5078 38.75
5079 38.74
5080 38.74
5081 38.77
5082 38.74
5083 38.75
5084 38.74
5085 38.74
5086 38.75
5087 38.75
5088 38.77
5089 38.77
5090 38.74
5091 38.75
5092 38.77
5093 38.73
5094 38.75
5095 38.75
5096 38.74
5097 38.74
5098 38.74
5099 38.73
5100 38.75
5101 38.78
5102 38.77
5103 38.77
5104 38.74
5105 38.74
5106 38.78
5107 38.74
5108 38.74
5109 38.76
5110 38.77
5111 38.75
5112 38.74
5113 38.75
5114 38.76
5115 38.73
5116 38.73
5117 38.74
5118 38.75
5119 38.77
5120 38.74
5121 38.74
5122 38.74
5123 38.71
5124 38.75
5125 38.75
5126 38.76
5127 38.75
5128 38.77
5129 38.75
5130 38.76
5131 38.76
5132 38.76
5133 38.77
5134 38.74
5135 38.75
5136 38.75
5137 38.76
5138 38.74
5139 38.74
5140 38.74
5141 38.74
5142 38.74
5143 38.76
5144 38.76
5145 38.75
5146 38.75
5147 38.75
5148 38.74
5149 38.75
5150 38.78
5151 38.76
5152 38.75
5153 38.76
5154 38.77
5155 38.75
5156 38.75
5157 38.74
5158 38.74
5159 38.77
5160 38.74
5161 38.75
5162 38.74
5163 38.76
5164 38.77
5165 38.76
5166 38.73
5167 38.75
5168 38.77
5169 38.75
5170 38.78
5171 38.75
5172 38.77
5173 38.73
5174 38.76
5175 38.75
5176 38.75
5177 38.76
5178 38.76
5179 38.75
5180 38.77
5181 38.75
5182 38.76
5183 38.76
5184 38.76
5185 38.75
5186 38.78
5187 38.78
5188 38.76
5189 38.77
5190 38.77
5191 38.77
5192 38.78
5193 38.76
5194 38.77
5195 38.78
5196 38.75
5197 38.79
5198 38.77
5199 38.76
5200 38.76
5201 38.76
5202 38.76
5203 38.75
5204 38.76
5205 38.80
5206 38.78
5207 38.78
5208 38.75
5209 38.77
5210 38.77
5211 38.77
5212 38.79
5213 38.77
5214 38.77
5215 38.76
5216 38.75
5217 38.79
5218 38.77
5219 38.78
5220 38.77
5221 38.79
5222 38.76
5223 38.78
5224 38.77
5225 38.79
5226 38.76
5227 38.77
5228 38.76
5229 38.79
5230 38.75
5231 38.77
5232 38.77
5233 38.78
5234 38.80
5235 38.78
5236 38.78
5237 38.78
5238 38.79
5239 38.78
5240 38.77
5241 38.78
5242 38.78
5243 38.76
5244 38.78
5245 38.79
5246 38.75
5247 38.78
5248 38.76
5249 38.77
5250 38.78
5251 38.77
5252 38.75
5253 38.78
5254 38.77
5255 38.76
5256 38.75
5257 38.75
5258 38.76
5259 38.78
5260 38.79
5261 38.74
5262 38.76
5263 38.77
5264 38.77
5265 38.78
5266 38.78
5267 38.77
5268 38.78
5269 38.74
5270 38.76
5271 38.75
5272 38.78
5273 38.78
5274 38.75
5275 38.76
5276 38.78
5277 38.78
5278 38.77
5279 38.80
5280 38.77
5281 38.79
5282 38.76
5283 38.78
5284 38.79
5285 38.78
5286 38.78
5287 38.76
5288 38.79
5289 38.78
5290 38.76
5291 38.78
5292 38.78
5293 38.79
5294 38.77
5295 38.80
5296 38.77
5297 38.77
5298 38.78
5299 38.77
5300 38.77
5301 38.76
5302 38.76
5303 38.78
5304 38.79
5305 38.78
5306 38.76
5307 38.81
5308 38.79
5309 38.76
5310 38.75
5311 38.81
5312 38.79
5313 38.76
5314 38.75
5315 38.76
5316 38.77
5317 38.79
5318 38.78
5319 38.75
5320 38.77
5321 38.79
5322 38.79
5323 38.78
5324 38.78
5325 38.77
5326 38.79
5327 38.77
5328 38.77
5329 38.77
5330 38.77
5331 38.77
5332 38.78
5333 38.77
5334 38.79
5335 38.77
5336 38.78
5337 38.79
5338 38.77
5339 38.77
5340 38.77
5341 38.78
5342 38.79
5343 38.78
5344 38.80
5345 38.79
5346 38.81
5347 38.78
5348 38.79
5349 38.82
5350 38.81
5351 38.79
5352 38.81
5353 38.80
5354 38.78
5355 38.78
5356 38.81
5357 38.79
5358 38.78
5359 38.80
5360 38.81
5361 38.81
5362 38.80
5363 38.81
5364 38.79
5365 38.78
5366 38.77
5367 38.79
5368 38.76
5369 38.81
5370 38.83
5371 38.80
5372 38.79
5373 38.80
5374 38.81
5375 38.78
5376 38.81
5377 38.82
5378 38.79
5379 38.76
5380 38.80
5381 38.82
5382 38.84
5383 38.81
5384 38.79
5385 38.80
5386 38.81
5387 38.80
5388 38.81
5389 38.81
5390 38.78
5391 38.81
5392 38.79
5393 38.80
5394 38.82
5395 38.80
5396 38.78
5397 38.79
5398 38.79
5399 38.79
5400 38.79
5401 38.77
5402 38.82
5403 38.79
5404 38.79
5405 38.79
5406 38.78
5407 38.77
5408 38.81
5409 38.79
5410 38.79
5411 38.79
5412 38.80
5413 38.78
5414 38.79
5415 38.81
5416 38.80
5417 38.83
5418 38.81
5419 38.79
5420 38.81
5421 38.79
5422 38.83
5423 38.81
5424 38.83
5425 38.82
5426 38.82
5427 38.78
5428 38.80
5429 38.81
5430 38.83
5431 38.81
5432 38.81
5433 38.83
5434 38.80
5435 38.81
5436 38.79
5437 38.83
5438 38.81
5439 38.79
5440 38.79
5441 38.80
5442 38.78
5443 38.83
5444 38.81
5445 38.80
5446 38.80
5447 38.80
5448 38.78
5449 38.80
5450 38.79
5451 38.81
5452 38.81
5453 38.80
5454 38.78
5455 38.79
5456 38.78
5457 38.82
5458 38.80
5459 38.83
5460 38.79
5461 38.80
5462 38.79
5463 38.79
5464 38.80
5465 38.80
5466 38.80
5467 38.81
5468 38.81
5469 38.83
5470 38.81
5471 38.81
5472 38.81
5473 38.82
5474 38.81
5475 38.81
5476 38.81
5477 38.79
5478 38.83
5479 38.79
5480 38.81
5481 38.79
5482 38.79
5483 38.82
5484 38.79
5485 38.82
5486 38.82
5487 38.82
5488 38.85
5489 38.80
5490 38.83
5491 38.81
5492 38.81
5493 38.82
5494 38.81
5495 38.79
5496 38.81
5497 38.80
5498 38.80
5499 38.81
5500 38.79
5501 38.82
5502 38.83
5503 38.81
5504 38.81
5505 38.81
5506 38.83
5507 38.80
5508 38.80
5509 38.79
5510 38.82
5511 38.81
5512 38.83
5513 38.81
5514 38.81
5515 38.81
5516 38.80
5517 38.84
5518 38.82
5519 38.82
5520 38.78
5521 38.81
5522 38.82
5523 38.81
5524 38.85
5525 38.84
5526 38.83
5527 38.81
5528 38.83
5529 38.82
5530 38.83
5531 38.83
5532 38.83
5533 38.81
5534 38.82
5535 38.83
5536 38.81
5537 38.80
5538 38.83
5539 38.82
5540 38.81
5541 38.83
5542 38.85
5543 38.82
5544 38.82
5545 38.79
5546 38.82
5547 38.80
5548 38.83
5549 38.82
5550 38.80
5551 38.83
5552 38.81
5553 38.83
5554 38.81
5555 38.82
5556 38.83
5557 38.82
5558 38.81
5559 38.81
5560 38.83
5561 38.82
5562 38.83
5563 38.85
5564 38.83
5565 38.82
5566 38.82
5567 38.85
5568 38.83
5569 38.83
5570 38.83
5571 38.85
5572 38.83
5573 38.86
5574 38.82
5575 38.82
5576 38.83
5577 38.84
5578 38.84
5579 38.83
5580 38.86
5581 38.81
5582 38.85
5583 38.83
5584 38.82
5585 38.86
5586 38.82
5587 38.82
5588 38.82
5589 38.83
5590 38.83
5591 38.82
5592 38.87
5593 38.85
5594 38.81
5595 38.83
5596 38.81
5597 38.82
5598 38.83
5599 38.84
5600 38.82
5601 38.83
5602 38.82
5603 38.82
5604 38.86
5605 38.82
5606 38.86
5607 38.85
5608 38.83
5609 38.82
5610 38.85
5611 38.83
5612 38.86
5613 38.85
5614 38.87
5615 38.84
5616 38.81
5617 38.82
5618 38.87
5619 38.82
5620 38.82
5621 38.82
5622 38.86
5623 38.85
5624 38.86
5625 38.83
5626 38.85
5627 38.87
5628 38.85
5629 38.85
5630 38.84
5631 38.87
5632 38.85
5633 38.83
5634 38.85
5635 38.85
5636 38.86
5637 38.87
5638 38.83
5639 38.85
5640 38.86
5641 38.86
5642 38.84
5643 38.85
5644 38.85
5645 38.84
5646 38.87
5647 38.81
5648 38.83
5649 38.84
5650 38.83
5651 38.85
5652 38.85
5653 38.85
5654 38.87
5655 38.85
5656 38.87
5657 38.85
5658 38.84
5659 38.83
5660 38.85
5661 38.84
5662 38.83
5663 38.86
5664 38.85
5665 38.82
5666 38.85
5667 38.87
5668 38.87
5669 38.83
5670 38.86
5671 38.85
5672 38.85
5673 38.84
5674 38.84
5675 38.86
5676 38.87
5677 38.86
5678 38.86
5679 38.86
5680 38.88
5681 38.86
5682 38.86
5683 38.85
5684 38.84
5685 38.85
5686 38.85
5687 38.84
5688 38.83
5689 38.84
5690 38.84
5691 38.85
5692 38.85
5693 38.87
5694 38.87
5695 38.85
5696 38.86
5697 38.86
5698 38.84
5699 38.87
5700 38.84
5701 38.86
5702 38.85
5703 38.88
5704 38.84
5705 38.86
5706 38.85
5707 38.85
5708 38.89
5709 38.84
5710 38.88
5711 38.86
5712 38.87
5713 38.86
5714 38.88
5715 38.85
5716 38.85
5717 38.85
5718 38.87
5719 38.85
5720 38.87
5721 38.83
5722 38.87
5723 38.88
5724 38.85
5725 38.86
5726 38.87
5727 38.87
5728 38.88
5729 38.87
5730 38.88
5731 38.87
5732 38.87
5733 38.88
5734 38.86
5735 38.89
5736 38.87
5737 38.85
5738 38.87
5739 38.85
5740 38.86
5741 38.87
5742 38.86
5743 38.88
5744 38.86
5745 38.89
5746 38.87
5747 38.86
5748 38.86
5749 38.86
5750 38.89
5751 38.87
5752 38.86
5753 38.87
5754 38.85
5755 38.88
5756 38.87
5757 38.89
5758 38.85
5759 38.89
5760 38.86
5761 38.86
5762 38.86
5763 38.90
5764 38.88
5765 38.89
5766 38.86
5767 38.85
5768 38.87
5769 38.87
5770 38.89
5771 38.87
5772 38.88
5773 38.88
5774 38.88
5775 38.88
5776 38.90
5777 38.89
5778 38.87
5779 38.87
5780 38.89
5781 38.87
5782 38.90
5783 38.86
5784 38.88
5785 38.87
5786 38.90
5787 38.85
5788 38.89
5789 38.89
5790 38.86
5791 38.87
5792 38.90
5793 38.88
5794 38.89
5795 38.90
5796 38.91
5797 38.89
5798 38.89
5799 38.87
5800 38.88
5801 38.90
5802 38.90
5803 38.90
5804 38.91
5805 38.88
5806 38.89
5807 38.89
5808 38.89
5809 38.89
5810 38.91
5811 38.87
5812 38.89
5813 38.88
5814 38.88
5815 38.88
5816 38.90
5817 38.89
5818 38.88
5819 38.89
5820 38.91
5821 38.91
5822 38.87
5823 38.89
5824 38.89
5825 38.89
5826 38.89
5827 38.87
5828 38.89
5829 38.87
5830 38.87
5831 38.88
5832 38.89
5833 38.90
5834 38.89
5835 38.91
5836 38.89
5837 38.88
5838 38.88
5839 38.90
5840 38.91
5841 38.89
5842 38.90
5843 38.90
5844 38.90
5845 38.88
5846 38.88
5847 38.90
5848 38.89
5849 38.89
5850 38.89
5851 38.90
5852 38.87
5853 38.90
5854 38.91
5855 38.89
5856 38.90
5857 38.90
5858 38.91
5859 38.89
5860 38.92
5861 38.88
5862 38.89
5863 38.90
5864 38.89
5865 38.90
5866 38.89
5867 38.90
5868 38.88
5869 38.87
5870 38.90
5871 38.90
5872 38.89
5873 38.87
5874 38.89
5875 38.91
5876 38.89
5877 38.87
5878 38.90
5879 38.91
5880 38.91
5881 38.90
5882 38.89
5883 38.91
5884 38.90
5885 38.89
5886 38.90
5887 38.89
5888 38.90
5889 38.90
5890 38.90
5891 38.90
5892 38.89
5893 38.90
5894 38.87
5895 38.90
5896 38.91
5897 38.91
5898 38.89
5899 38.90
5900 38.90
5901 38.89
5902 38.91
5903 38.88
5904 38.91
5905 38.90
5906 38.89
5907 38.90
5908 38.92
5909 38.90
5910 38.89
5911 38.89
5912 38.91
5913 38.91
5914 38.90
5915 38.91
5916 38.92
5917 38.91
5918 38.91
5919 38.91
5920 38.89
5921 38.88
5922 38.90
5923 38.90
5924 38.90
5925 38.92
5926 38.91
5927 38.91
5928 38.90
5929 38.90
5930 38.91
5931 38.91
5932 38.91
5933 38.91
5934 38.89
5935 38.90
5936 38.90
5937 38.90
5938 38.91
5939 38.91
5940 38.90
5941 38.91
5942 38.92
5943 38.92
5944 38.89
5945 38.91
5946 38.90
5947 38.90
5948 38.90
5949 38.91
5950 38.92
5951 38.91
5952 38.91
5953 38.91
5954 38.90
5955 38.90
5956 38.91
5957 38.89
5958 38.89
5959 38.89
5960 38.92
5961 38.91
5962 38.93
5963 38.91
5964 38.91
5965 38.92
5966 38.91
5967 38.91
5968 38.93
5969 38.92
5970 38.91
5971 38.92
5972 38.92
5973 38.91
5974 38.90
5975 38.93
5976 38.93
5977 38.91
5978 38.92
5979 38.91
5980 38.92
5981 38.91
5982 38.93
5983 38.90
5984 38.92
5985 38.92
5986 38.91
5987 38.91
5988 38.91
5989 38.92
5990 38.93
5991 38.91
5992 38.92
5993 38.92
5994 38.93
5995 38.92
5996 38.93
5997 38.92
5998 38.92
5999 38.91
6000 38.93
6001 38.92
6002 38.91
6003 38.93
6004 38.92
6005 38.92
6006 38.91
6007 38.90
6008 38.91
6009 38.91
6010 38.91
6011 38.93
6012 38.91
6013 38.92
6014 38.91
6015 38.93
6016 38.91
6017 38.93
6018 38.93
6019 38.93
6020 38.93
6021 38.92
6022 38.91
6023 38.93
6024 38.91
6025 38.92
6026 38.92
6027 38.91
6028 38.93
6029 38.92
6030 38.93
6031 38.93
6032 38.91
6033 38.93
6034 38.93
6035 38.93
6036 38.93
6037 38.93
6038 38.92
6039 38.93
6040 38.91
6041 38.93
6042 38.91
6043 38.91
6044 38.93
6045 38.92
6046 38.93
6047 38.93
6048 38.91
6049 38.91
6050 38.93
6051 38.93
6052 38.93
6053 38.93
6054 38.91
6055 38.93
6056 38.93
6057 38.93
6058 38.92
6059 38.93
6060 38.93
6061 38.93
6062 38.93
6063 38.93
6064 38.92
6065 38.93
6066 38.93
6067 38.92
6068 38.91
6069 38.93
6070 38.93
6071 38.93
6072 38.93
6073 38.93
6074 38.94
6075 38.93
6076 38.92
6077 38.93
6078 38.91
6079 38.93
6080 38.94
6081 38.93
6082 38.93
6083 38.93
6084 38.93
6085 38.93
6086 38.93
6087 38.93
6088 38.93
6089 38.93
6090 38.93
6091 38.91
6092 38.93
6093 38.94
6094 38.93
6095 38.92
6096 38.93
6097 38.94
6098 38.93
6099 38.93
6100 38.93
6101 38.93
6102 38.93
6103 38.93
6104 38.93
6105 38.91
6106 38.93
6107 38.93
6108 38.93
6109 38.93
6110 38.94
6111 38.93
6112 38.93
6113 38.93
6114 38.93
6115 38.93
6116 38.93
6117 38.94
6118 38.92
6119 38.93
6120 38.93
6121 38.93
6122 38.93
6123 38.93
6124 38.93
6125 38.93
6126 38.93
6127 38.92
6128 38.94
6129 38.93
6130 38.93
6131 38.93
6132 38.94
6133 38.93
6134 38.93
6135 38.93
6136 38.93
6137 38.94
6138 38.93
6139 38.93
6140 38.93
6141 38.93
6142 38.93
6143 38.93
6144 38.93
6145 38.93
6146 38.94
6147 38.93
6148 38.93
6149 38.93
6150 38.94
6151 38.93
6152 38.93
6153 38.92
6154 38.94
6155 38.93
6156 38.93
6157 38.93
6158 38.93
6159 38.94
6160 38.93
6161 38.93
6162 38.94
6163 38.94
6164 38.93
6165 38.94
6166 38.93
6167 38.94
6168 38.93
6169 38.93
6170 38.93
6171 38.93
6172 38.93
6173 38.93
6174 38.93
6175 38.93
6176 38.93
6177 38.93
6178 38.94
6179 38.92
6180 38.94
6181 38.94
6182 38.94
6183 38.93
6184 38.93
6185 38.93
6186 38.93
6187 38.94
6188 38.93
6189 38.94
6190 38.93
6191 38.93
6192 38.93
6193 38.94
6194 38.93
6195 38.93
6196 38.93
6197 38.94
6198 38.93
6199 38.93
6200 38.92
6201 38.94
6202 38.93
6203 38.93
6204 38.94
6205 38.93
6206 38.93
6207 38.93
6208 38.93
6209 38.93
6210 38.93
6211 38.94
6212 38.94
6213 38.94
6214 38.94
6215 38.94
6216 38.94
6217 38.93
6218 38.93
6219 38.94
6220 38.94
6221 38.92
6222 38.94
6223 38.93
6224 38.94
6225 38.93
6226 38.94
6227 38.94
6228 38.94
6229 38.93
6230 38.94
6231 38.93
6232 38.93
6233 38.93
6234 38.94
6235 38.94
6236 38.93
6237 38.93
6238 38.93
6239 38.94
6240 38.94
6241 38.94
6242 38.93
6243 38.94
6244 38.94
6245 38.94
6246 38.94
6247 38.94
6248 38.94
6249 38.93
6250 38.94
6251 38.93
6252 38.93
6253 38.93
6254 38.94
6255 38.93
6256 38.94
6257 38.94
6258 38.94
6259 38.94
6260 38.94
6261 38.93
6262 38.94
6263 38.94
6264 38.94
6265 38.94
6266 38.94
6267 38.94
6268 38.94
6269 38.94
6270 38.94
6271 38.94
6272 38.93
6273 38.94
6274 38.94
6275 38.94
6276 38.93
6277 38.93
6278 38.93
6279 38.93
6280 38.94
6281 38.94
6282 38.94
6283 38.94
6284 38.93
6285 38.93
6286 38.94
6287 38.94
6288 38.94
6289 38.94
6290 38.94
6291 38.94
6292 38.94
6293 38.94
6294 38.94
6295 38.93
6296 38.94
6297 38.94
6298 38.94
6299 38.93
6300 38.94
6301 38.94
6302 38.94
6303 38.94
6304 38.94
6305 38.94
6306 38.94
6307 38.94
6308 38.94
6309 38.94
6310 38.94
6311 38.93
6312 38.93
6313 38.93
6314 38.94
6315 38.94
6316 38.94
6317 38.94
6318 38.93
6319 38.94
6320 38.94
6321 38.93
6322 38.93
6323 38.93
6324 38.94
6325 38.94
6326 38.94
6327 38.94
6328 38.94
6329 38.94
6330 38.94
6331 38.93
6332 38.94
6333 38.93
6334 38.94
6335 38.94
6336 38.94
6337 38.94
6338 38.94
6339 38.94
6340 38.93
6341 38.94
6342 38.94
6343 38.94
6344 38.94
6345 38.93
6346 38.94
6347 38.93
6348 38.94
6349 38.94
6350 38.94
6351 38.94
6352 38.94
6353 38.94
6354 38.94
6355 38.94
6356 38.94
6357 38.94
6358 38.94
6359 38.94
6360 38.94
6361 38.94
6362 38.94
6363 38.93
6364 38.94
6365 38.94
6366 38.94
6367 38.94
6368 38.94
6369 38.94
6370 38.94
6371 38.94
6372 38.94
6373 38.94
6374 38.94
6375 38.94
6376 38.94
6377 38.94
6378 38.94
6379 38.94
6380 38.94
6381 38.94
6382 38.94
6383 38.94
6384 38.94
6385 38.94
6386 38.94
6387 38.94
6388 38.94
6389 38.93
6390 38.94
6391 38.94
6392 38.94
6393 38.94
6394 38.94
6395 38.94
6396 38.94
6397 38.94
6398 38.94
6399 38.94
6400 38.93
6401 38.93
6402 38.94
6403 38.94
6404 38.94
6405 38.94
6406 38.94
6407 38.94
6408 38.94
6409 38.94
6410 38.94
6411 38.94
6412 38.94
6413 38.94
6414 38.94
6415 38.93
6416 38.94
6417 38.94
6418 38.94
6419 38.94
6420 38.94
6421 38.94
6422 38.93
6423 38.94
6424 38.94
6425 38.94
6426 38.94
6427 38.94
6428 38.94
6429 38.94
6430 38.94
6431 38.94
6432 38.94
6433 38.94
6434 38.94
6435 38.94
6436 38.94
6437 38.94
6438 38.94
6439 38.94
6440 38.94
6441 38.94
6442 38.94
6443 38.94
6444 38.94
6445 38.94
6446 38.94
6447 38.94
6448 38.94
6449 38.94
6450 38.94
6451 38.94
6452 38.94
6453 38.94
6454 38.94
6455 38.94
6456 38.94
6457 38.94
6458 38.93
6459 38.94
6460 38.94
6461 38.94
6462 38.94
6463 38.94
6464 38.94
6465 38.94
6466 38.94
6467 38.94
6468 38.94
6469 38.94
6470 38.94
6471 38.94
6472 38.94
6473 38.94
6474 38.94
6475 38.94
6476 38.94
6477 38.94
6478 38.94
6479 38.94
6480 38.94
6481 38.95
6482 38.94
6483 38.95
6484 38.94
6485 38.95
6486 38.94
6487 38.94
6488 38.94
6489 38.94
6490 38.94
6491 38.94
6492 38.94
6493 38.94
6494 38.94
6495 38.94
6496 38.94
6497 38.94
6498 38.94
6499 38.94
6500 38.94
6501 38.94
6502 38.94
6503 38.94
6504 38.94
6505 38.94
6506 38.94
6507 38.95
6508 38.94
6509 38.94
6510 38.94
6511 38.94
6512 38.95
6513 38.94
6514 38.94
6515 38.94
6516 38.94
6517 38.95
6518 38.95
6519 38.94
6520 38.94
6521 38.94
6522 38.94
6523 38.94
6524 38.94
6525 38.94
6526 38.94
6527 38.94
6528 38.95
6529 38.94
6530 38.94
6531 38.95
6532 38.94
6533 38.95
6534 38.94
6535 38.94
6536 38.95
6537 38.94
6538 38.94
6539 38.94
6540 38.94
6541 38.94
6542 38.94
6543 38.94
6544 38.94
6545 38.95
6546 38.95
6547 38.95
6548 38.94
6549 38.94
6550 38.95
6551 38.95
6552 38.95
6553 38.95
6554 38.94
6555 38.95
6556 38.94
6557 38.95
6558 38.94
6559 38.95
6560 38.94
6561 38.94
6562 38.94
6563 38.95
6564 38.95
6565 38.95
6566 38.95
6567 38.94
6568 38.94
6569 38.94
6570 38.95
6571 38.94
6572 38.94
6573 38.94
6574 38.95
6575 38.94
6576 38.94
6577 38.94
6578 38.94
6579 38.95
6580 38.94
6581 38.95
6582 38.95
6583 38.95
6584 38.95
6585 38.95
6586 38.94
6587 38.95
6588 38.94
6589 38.95
6590 38.95
6591 38.94
6592 38.94
6593 38.94
6594 38.94
6595 38.94
6596 38.94
6597 38.94
6598 38.95
6599 38.94
6600 38.94
6601 38.94
6602 38.94
6603 38.95
6604 38.95
6605 38.94
6606 38.94
6607 38.95
6608 38.94
6609 38.94
6610 38.94
6611 38.94
6612 38.95
6613 38.94
6614 38.94
6615 38.94
6616 38.95
6617 38.95
6618 38.95
6619 38.94
6620 38.94
6621 38.95
6622 38.96
6623 38.94
6624 38.95
6625 38.95
6626 38.96
6627 38.94
6628 38.95
6629 38.94
6630 38.95
6631 38.95
6632 38.95
6633 38.95
6634 38.94
6635 38.96
6636 38.95
6637 38.95
6638 38.94
6639 38.94
6640 38.95
6641 38.95
6642 38.95
6643 38.95
6644 38.95
6645 38.94
6646 38.95
6647 38.95
6648 38.94
6649 38.95
6650 38.94
6651 38.94
6652 38.95
6653 38.96
6654 38.94
6655 38.94
6656 38.96
6657 38.94
6658 38.94
6659 38.96
6660 38.95
6661 38.95
6662 38.95
6663 38.95
6664 38.95
6665 38.94
6666 38.94
6667 38.95
6668 38.96
6669 38.95
6670 38.95
6671 38.94
6672 38.95
6673 38.95
6674 38.96
6675 38.95
6676 38.95
6677 38.94
6678 38.95
6679 38.94
6680 38.94
6681 38.95
6682 38.95
6683 38.95
6684 38.95
6685 38.95
6686 38.95
6687 38.96
6688 38.95
6689 38.94
6690 38.94
6691 38.95
6692 38.95
6693 38.95
6694 38.96
6695 38.95
6696 38.94
6697 38.95
6698 38.95
6699 38.95
6700 38.96
6701 38.95
6702 38.96
6703 38.95
6704 38.96
6705 38.95
6706 38.95
6707 38.96
6708 38.95
6709 38.95
6710 38.95
6711 38.95
6712 38.95
6713 38.94
6714 38.94
6715 38.96
6716 38.97
6717 38.95
6718 38.98
6719 38.95
6720 38.96
6721 38.95
6722 38.94
6723 38.96
6724 38.96
6725 38.95
6726 38.96
6727 38.95
6728 38.96
6729 38.94
6730 38.97
6731 38.98
6732 38.95
6733 38.97
6734 38.96
6735 38.96
6736 38.96
6737 38.95
6738 38.95
6739 38.96
6740 38.96
6741 38.95
6742 38.95
6743 38.98
6744 38.95
6745 38.95
6746 38.97
6747 38.97
6748 38.97
6749 38.96
6750 38.96
6751 38.96
6752 38.95
6753 38.96
6754 38.95
6755 38.95
6756 38.96
6757 38.96
6758 38.97
6759 38.96
6760 38.95
6761 38.96
6762 38.98
6763 38.95
6764 38.98
6765 38.98
6766 38.96
6767 38.97
6768 38.98
6769 38.96
6770 38.95
6771 38.97
6772 38.96
6773 38.96
6774 38.97
6775 38.98
6776 38.98
6777 38.98
6778 38.98
6779 38.97
6780 38.98
6781 38.97
6782 38.96
6783 38.96
6784 38.97
6785 38.97
6786 38.96
6787 38.97
6788 38.96
6789 38.96
6790 38.97
6791 38.96
6792 38.95
6793 38.97
6794 38.96
6795 38.95
6796 38.96
6797 38.95
6798 38.98
6799 38.97
6800 38.97
6801 38.98
6802 38.96
6803 38.99
6804 38.99
6805 38.98
6806 38.99
6807 38.98
6808 38.99
6809 38.97
6810 39.00
6811 39.00
6812 38.97
6813 38.97
6814 38.98
6815 38.99
6816 38.98
6817 38.97
6818 38.98
6819 38.98
6820 38.96
6821 38.98
6822 38.98
6823 38.98
6824 38.98
6825 38.99
6826 38.97
6827 38.99
6828 38.98
6829 38.96
6830 38.98
6831 38.95
6832 38.99
6833 38.99
6834 38.96
6835 38.98
6836 38.99
6837 38.99
6838 38.96
6839 38.97
6840 38.99
6841 38.98
6842 38.98
6843 38.97
6844 38.97
6845 38.98
6846 38.98
6847 38.98
6848 38.99
6849 38.98
6850 38.98
6851 38.96
6852 38.99
6853 38.97
6854 38.99
6855 38.98
6856 38.98
6857 38.98
6858 38.98
6859 38.98
6860 38.97
6861 38.98
6862 38.99
6863 38.98
6864 38.98
6865 38.98
6866 38.98
6867 38.99
6868 38.98
6869 38.99
6870 38.99
6871 38.98
6872 39.00
6873 38.99
6874 39.01
6875 38.96
6876 38.98
6877 39.03
6878 39.02
6879 38.99
6880 38.99
6881 38.99
6882 38.98
6883 39.00
6884 38.98
6885 39.01
6886 38.98
6887 38.99
6888 39.01
6889 39.00
6890 39.03
6891 38.99
6892 38.99
6893 38.99
6894 38.98
6895 38.99
6896 39.00
6897 38.99
6898 38.99
6899 38.99
6900 38.99
6901 39.00
6902 39.02
6903 38.99
6904 39.01
6905 38.99
6906 39.00
6907 38.99
6908 39.03
6909 39.00
6910 39.01
6911 38.99
6912 38.98
6913 39.00
6914 39.00
6915 38.99
6916 38.99
6917 38.99
6918 39.01
6919 38.99
6920 39.01
6921 39.01
6922 38.98
6923 39.00
6924 38.99
6925 38.99
6926 39.00
6927 39.00
6928 39.02
6929 39.01
6930 38.98
6931 39.03
6932 39.02
6933 39.03
6934 39.03
6935 39.04
6936 39.02
6937 39.00
6938 39.00
6939 39.00
6940 39.00
6941 39.03
6942 39.00
6943 39.00
6944 39.03
6945 38.99
6946 39.02
6947 38.98
6948 38.99
6949 38.99
6950 39.00
6951 39.03
6952 38.99
6953 38.99
6954 39.04
6955 39.00
6956 39.03
6957 39.00
6958 39.00
6959 39.01
6960 39.04
6961 39.00
6962 38.99
6963 39.02
6964 39.01
6965 39.01
6966 39.01
6967 39.00
6968 39.04
6969 38.99
6970 39.02
6971 39.01
6972 39.02
6973 39.03
6974 39.02
6975 38.99
6976 39.02
6977 39.01
6978 39.02
6979 39.01
6980 39.00
6981 39.03
6982 39.01
6983 39.03
6984 39.02
6985 38.99
6986 39.01
6987 39.02
6988 39.00
6989 38.99
6990 39.01
6991 39.02
6992 39.00
6993 39.03
6994 39.03
6995 39.04
6996 38.98
6997 39.03
6998 39.02
6999 39.02
7000 38.99
7001 38.99
7002 39.02
7003 39.03
7004 39.00
7005 38.98
7006 39.01
7007 39.02
7008 39.01
7009 39.01
7010 39.01
7011 39.02
7012 39.04
7013 39.02
7014 39.00
7015 39.01
7016 39.05
7017 39.00
7018 39.01
7019 39.03
7020 39.00
7021 39.02
7022 39.00
7023 39.00
7024 39.00
7025 38.99
7026 39.03
7027 39.00
7028 39.01
7029 39.03
7030 39.02
7031 39.03
7032 39.02
7033 39.00
7034 39.03
7035 39.01
7036 39.03
7037 39.04
7038 39.02
7039 39.02
7040 39.03
7041 39.02
7042 39.05
7043 39.02
7044 39.04
7045 39.05
7046 39.03
7047 39.06
7048 39.04
7049 39.04
7050 39.02
7051 39.03
7052 39.04
7053 39.03
7054 39.04
7055 39.03
7056 39.02
7057 39.02
7058 39.02
7059 39.00
7060 39.03
7061 39.01
7062 39.04
7063 39.03
7064 39.02
7065 39.02
7066 39.04
7067 39.02
7068 39.05
7069 39.02
7070 39.05
7071 39.05
7072 39.02
7073 39.06
7074 39.03
7075 39.04
7076 39.02
7077 39.03
7078 39.06
7079 39.01
7080 39.03
7081 39.02
7082 39.03
7083 39.04
7084 39.06
7085 39.04
7086 39.02
7087 39.04
7088 39.02
7089 39.02
7090 39.02
7091 39.07
7092 39.05
7093 39.05
7094 39.02
7095 39.02
7096 39.05
7097 39.06
7098 39.04
7099 39.04
7100 39.03
7101 39.04
7102 39.04
7103 39.00
7104 39.05
7105 39.06
7106 39.01
7107 39.04
7108 39.06
7109 39.07
7110 39.07
7111 39.06
7112 39.04
7113 39.04
7114 39.04
7115 39.06
7116 39.05
7117 39.05
7118 39.02
7119 39.04
7120 39.06
7121 39.07
7122 39.03
7123 39.03
7124 39.03
7125 39.02
7126 39.03
7127 39.04
7128 39.03
7129 39.03
7130 39.07
7131 39.04
7132 39.04
7133 39.04
7134 39.03
7135 39.06
7136 39.03
7137 39.04
7138 39.02
7139 39.05
7140 39.04
7141 39.05
7142 39.06
7143 39.05
7144 39.04
7145 39.05
7146 39.03
7147 39.04
7148 39.06
7149 39.06
7150 39.06
7151 39.07
7152 39.04
7153 39.04
7154 39.06
7155 39.03
7156 39.02
7157 39.03
7158 39.03
7159 39.03
7160 39.04
7161 39.05
7162 39.07
7163 39.06
7164 39.07
7165 39.06
7166 39.06
7167 39.07
7168 39.06
7169 39.06
7170 39.07
7171 39.04
7172 39.06
7173 39.03
7174 39.05
7175 39.05
7176 39.06
7177 39.06
7178 39.07
7179 39.06
7180 39.04
7181 39.05
7182 39.04
7183 39.07
7184 39.04
7185 39.04
7186 39.04
7187 39.06
7188 39.06
7189 39.05
7190 39.05
7191 39.06
7192 39.04
7193 39.07
7194 39.07
7195 39.02
7196 39.06
7197 39.07
7198 39.04
7199 39.06
7200 39.04
7201 39.06
7202 39.06
7203 39.06
7204 39.07
7205 39.06
7206 39.07
7207 39.04
7208 39.04
7209 39.04
7210 39.05
7211 39.02
7212 39.05
7213 39.06
7214 39.07
7215 39.03
7216 39.04
7217 39.04
7218 39.03
7219 39.04
7220 39.07
7221 39.05
7222 39.09
7223 39.07
7224 39.07
7225 39.06
7226 39.07
7227 39.06
7228 39.06
7229 39.09
7230 39.05
7231 39.04
7232 39.08
7233 39.08
7234 39.04
7235 39.05
7236 39.07
7237 39.06
7238 39.07
7239 39.07
7240 39.06
7241 39.07
7242 39.07
7243 39.05
7244 39.07
7245 39.07
7246 39.08
7247 39.05
7248 39.07
7249 39.05
7250 39.09
7251 39.07
7252 39.05
7253 39.07
7254 39.04
7255 39.07
7256 39.08
7257 39.07
7258 39.06
7259 39.08
7260 39.08
7261 39.09
7262 39.08
7263 39.05
7264 39.08
7265 39.06
7266 39.06
7267 39.06
7268 39.07
7269 39.06
7270 39.06
7271 39.07
7272 39.08
7273 39.07
7274 39.04
7275 39.05
7276 39.08
7277 39.07
7278 39.08
7279 39.05
7280 39.06
7281 39.06
7282 39.09
7283 39.08
7284 39.07
7285 39.06
7286 39.05
7287 39.06
7288 39.06
7289 39.06
7290 39.04
7291 39.04
7292 39.05
7293 39.07
7294 39.06
7295 39.07
7296 39.06
7297 39.06
7298 39.05
7299 39.07
7300 39.06
7301 39.04
7302 39.03
7303 39.07
7304 39.04
7305 39.05
7306 39.08
7307 39.06
7308 39.08
7309 39.07
7310 39.05
7311 39.07
7312 39.11
7313 39.09
7314 39.04
7315 39.06
7316 39.06
7317 39.07
7318 39.08
7319 39.06
7320 39.07
7321 39.10
7322 39.09
7323 39.07
7324 39.08
7325 39.04
7326 39.06
7327 39.07
7328 39.06
7329 39.06
7330 39.05
7331 39.06
7332 39.06
7333 39.08
7334 39.09
7335 39.08
7336 39.05
7337 39.08
7338 39.08
7339 39.05
7340 39.07
7341 39.08
7342 39.04
7343 39.05
7344 39.08
7345 39.08
7346 39.08
7347 39.09
7348 39.06
7349 39.05
7350 39.07
7351 39.06
7352 39.03
7353 39.08
7354 39.10
7355 39.07
7356 39.08
7357 39.07
7358 39.06
7359 39.07
7360 39.08
7361 39.10
7362 39.08
7363 39.06
7364 39.10
7365 39.04
7366 39.06
7367 39.08
7368 39.08
7369 39.07
7370 39.08
7371 39.09
7372 39.07
7373 39.07
7374 39.08
7375 39.07
7376 39.08
7377 39.08
7378 39.07
7379 39.05
7380 39.09
7381 39.06
7382 39.06
7383 39.07
7384 39.09
7385 39.04
7386 39.05
7387 39.10
7388 39.07
7389 39.07
7390 39.11
7391 39.09
7392 39.06
7393 39.08
7394 39.08
7395 39.07
7396 39.07
7397 39.05
7398 39.07
7399 39.10
7400 39.06
7401 39.11
7402 39.08
7403 39.10
7404 39.09
7405 39.08
7406 39.06
7407 39.07
7408 39.07
7409 39.07
7410 39.06
7411 39.08
7412 39.11
7413 39.08
7414 39.08
7415 39.06
7416 39.08
7417 39.07
7418 39.09
7419 39.08
7420 39.09
7421 39.07
7422 39.07
7423 39.09
7424 39.06
7425 39.09
7426 39.04
7427 39.09
7428 39.08
7429 39.07
7430 39.08
7431 39.10
7432 39.07
7433 38.99
7434 38.94
7435 38.94
7436 38.90
7437 38.74
7438 38.71
7439 38.70
7440 38.59
7441 38.50
7442 38.49
7443 38.48
7444 38.44
7445 38.40
7446 38.30
7447 38.26
7448 38.26
7449 38.26
7450 38.25
7451 38.25
7452 38.21
7453 38.17
7454 38.13
7455 38.04
7456 38.02
7457 37.95
7458 37.91
7459 37.81
7460 37.80
7461 37.79
7462 37.73
7463 37.64
7464 37.62
7465 37.58
7466 37.61
7467 37.63
7468 37.61
7469 37.61
7470 37.57
7471 37.57
7472 37.57
7473 37.48
7474 37.35
7475 37.12
7476 36.92
7477 36.67
7478 36.43
7479 36.05
7480 35.78
7481 35.54
7482 35.09
7483 34.65
7484 34.38
7485 33.97
7486 33.61
7487 33.27
7488 32.86
7489 32.41
7490 31.98
7491 31.53
7492 31.07
7493 30.50
7494 30.01
7495 29.55
7496 29.10
7497 28.64
7498 28.17
7499 27.61
7500 27.17
7501 26.78
7502 26.46
7503 26.07
7504 25.64
7505 25.21
7506 24.83
7507 24.52
7508 24.14
7509 23.72
7510 23.49
7511 23.13
7512 22.86
7513 22.60
7514 22.32
7515 22.01
7516 21.75
7517 21.45
7518 21.17
7519 20.96
7520 20.74
7521 20.53
7522 20.26
7523 19.96
7524 19.81
7525 19.55
7526 19.32
7527 19.15
7528 18.93
7529 18.77
7530 18.66
7531 18.48
7532 18.45
7533 18.44
7534 18.32
7535 18.24
7536 18.23
7537 18.21
7538 18.18
7539 18.15
7540 18.05
7541 18.04
7542 18.03
7543 18.03
7544 18.00
7545 17.89
7546 17.84
7547 17.83
7548 17.81
7549 17.78
7550 17.72
7551 17.63
7552 17.62
7553 17.48
7554 17.42
7555 17.41
7556 17.37
7557 17.27
7558 17.21
7559 17.19
7560 17.16
7561 17.02
7562 17.00
7563 16.97
7564 16.81
7565 16.79
7566 16.60
7567 16.56
7568 16.40
7569 16.36
7570 16.22
7571 16.17
7572 16.16
7573 16.02
7574 15.98
7575 16.00
7576 15.98
7577 15.98
7578 15.97
7579 15.97
7580 15.95
7581 15.92
7582 15.97
7583 15.97
7584 15.96
7585 15.96
7586 15.80
7587 15.77
7588 15.74
7589 15.58
7590 15.52
7591 15.35
7592 15.29
7593 15.15
7594 15.10
7595 14.96
7596 14.95
7597 14.94
7598 14.87
7599 14.80
7600 14.75
7601 14.74
7602 14.69
7603 14.63
7604 14.55
7605 14.54
7606 14.53
7607 14.50
7608 14.46
7609 14.35
7610 14.33
7611 14.33
7612 14.27
7613 14.15
7614 14.11
7615 13.99
7616 13.93
7617 13.91
7618 13.92
7619 13.90
7620 13.91
7621 13.93
7622 13.93
7623 13.93
7624 13.93
7625 13.92
7626 13.92
7627 13.92
7628 13.93
7629 13.93
7630 13.93
7631 13.94
7632 13.93
7633 13.93
7634 13.93
7635 13.92
7636 13.92
7637 13.91
7638 13.90
7639 13.92
7640 13.93
7641 13.93
7642 13.93
7643 13.93
7644 13.94
7645 13.97
7646 13.98
7647 13.96
7648 13.93
7649 13.92
7650 13.93
7651 13.93
7652 13.93
7653 13.93
7654 13.93
7655 13.90
7656 13.88
7657 13.86
7658 13.79
7659 13.76
7660 13.73
