1 15.76
2 15.76
3 15.77
4 15.83
5 15.95
6 15.97
7 15.97
8 16.05
9 16.17
10 16.22
11 16.55
12 17.14
13 18.04
14 19.11
15 20.49
16 21.76
17 22.86
18 23.92
19 24.84
20 25.63
21 26.33
22 27.11
23 27.83
24 28.63
25 29.30
26 29.92
27 30.45
28 31.02
29 31.52
30 31.94
31 32.23
32 32.63
33 32.87
34 33.14
35 33.46
36 33.71
37 33.91
38 34.10
39 34.27
40 34.43
41 34.63
42 34.68
43 34.86
44 34.88
45 34.99
46 35.07
47 35.09
48 35.11
49 35.20
50 35.28
51 35.30
52 35.31
53 35.32
54 35.35
55 35.43
56 35.49
57 35.50
58 35.54
59 35.54
60 35.55
61 35.56
62 35.61
63 35.66
64 35.72
65 35.75
66 35.76
67 35.76
68 35.76
69 35.77
70 35.77
71 35.82
72 35.86
73 35.95
74 35.96
75 35.99
76 35.99
77 35.99
78 35.99
79 36.01
80 36.04
81 36.11
82 36.15
83 36.20
84 36.20
85 36.22
86 36.21
87 36.22
88 36.23
89 36.25
90 36.32
91 36.30
92 36.39
93 36.41
94 36.43
95 36.44
96 36.44
97 36.44
98 36.45
99 36.48
100 36.49
101 36.53
102 36.60
103 36.62
104 36.64
105 36.65
106 36.67
107 36.67
108 36.67
109 36.67
110 36.69
111 36.69
112 36.72
113 36.76
114 36.82
115 36.83
116 36.88
117 36.88
118 36.89
119 36.89
120 36.89
121 36.90
122 36.89
123 36.90
124 36.91
125 36.95
126 36.95
127 37.00
128 37.03
129 37.06
130 37.07
131 37.11
132 37.11
133 37.12
134 37.11
135 37.11
136 37.12
137 37.12
138 37.13
139 37.13
140 37.14
141 37.16
142 37.19
143 37.21
144 37.23
145 37.27
146 37.29
147 37.31
148 37.31
149 37.33
150 37.34
151 37.34
152 37.34
153 37.34
154 37.34
155 37.34
156 37.35
157 37.35
158 37.36
159 37.37
160 37.39
161 37.40
162 37.42
163 37.45
164 37.46
165 37.52
166 37.49
167 37.55
168 37.55
169 37.56
170 37.56
171 37.57
172 37.56
173 37.57
174 37.57
175 37.57
176 37.57
177 37.58
178 37.58
179 37.59
180 37.58
181 37.60
182 37.61
183 37.62
184 37.65
185 37.65
186 37.68
187 37.69
188 37.72
189 37.72
190 37.77
191 37.77
192 37.78
193 37.78
194 37.78
195 37.79
196 37.79
197 37.79
198 37.79
199 37.79
200 37.80
201 37.80
202 37.80
203 37.80
204 37.80
205 37.80
206 37.80
207 37.81
208 37.80
209 37.82
210 37.81
211 37.82
212 37.82
213 37.82
214 37.83
215 37.86
216 37.87
217 37.89
218 37.89
219 37.94
220 37.95
221 37.95
222 37.96
223 37.98
224 37.99
225 38.01
226 37.99
227 38.01
228 38.00
229 38.01
230 38.01
231 38.02
232 38.02
233 38.03
234 38.03
235 38.02
236 38.02
237 38.03
238 38.03
239 38.03
240 38.03
241 38.03
242 38.03
243 38.03
244 38.03
245 38.03
246 38.03
247 38.04
248 38.03
249 38.04
250 38.04
251 38.04
252 38.07
253 38.07
254 38.08
255 38.07
256 38.10
257 38.07
258 38.11
259 38.11
260 38.13
261 38.12
262 38.15
263 38.17
264 38.17
265 38.20
266 38.18
267 38.21
268 38.22
269 38.21
270 38.21
271 38.23
272 38.23
273 38.22
274 38.23
275 38.23
276 38.25
277 38.25
278 38.25
279 38.24
280 38.25
281 38.25
282 38.24
283 38.24
284 38.25
285 38.25
286 38.25
287 38.25
288 38.25
289 38.25
290 38.25
291 38.25
292 38.25
293 38.25
294 38.25
295 38.25
296 38.25
297 38.26
298 38.26
299 38.26
300 38.26
301 38.25
302 38.26
303 38.26
304 38.27
305 38.26
306 38.27
307 38.25
308 38.27
309 38.28
310 38.28
311 38.28
312 38.28
313 38.28
314 38.27
315 38.30
316 38.30
317 38.30
318 38.30
319 38.31
320 38.30
321 38.32
322 38.33
323 38.32
324 38.35
325 38.36
326 38.36
327 38.36
328 38.36
329 38.36
330 38.38
331 38.39
332 38.39
333 38.38
334 38.41
335 38.43
336 38.44
337 38.43
338 38.40
339 38.44
340 38.44
341 38.43
342 38.44
343 38.43
344 38.45
345 38.45
346 38.44
347 38.45
348 38.45
349 38.47
350 38.45
351 38.48
352 38.45
353 38.47
354 38.46
355 38.46
356 38.47
357 38.46
358 38.48
359 38.47
360 38.47
361 38.47
362 38.48
363 38.47
364 38.48
365 38.48
366 38.48
367 38.47
368 38.48
369 38.47
370 38.47
371 38.47
372 38.48
373 38.48
374 38.48
375 38.48
376 38.48
377 38.48
378 38.48
379 38.48
380 38.48
381 38.48
382 38.48
383 38.48
384 38.48
385 38.48
386 38.48
387 38.48
388 38.48
389 38.48
390 38.48
391 38.48
392 38.49
393 38.48
394 38.48
395 38.48
396 38.48
397 38.48
398 38.49
399 38.49
400 38.48
401 38.48
402 38.49
403 38.49
404 38.48
405 38.48
406 38.48
407 38.49
408 38.48
409 38.48
410 38.49
411 38.49
412 38.49
413 38.49
414 38.49
415 38.48
416 38.49
417 38.50
418 38.50
419 38.49
420 38.49
421 38.49
422 38.51
423 38.52
424 38.51
425 38.52
426 38.52
427 38.51
428 38.51
429 38.51
430 38.49
431 38.52
432 38.50
433 38.55
434 38.55
435 38.52
436 38.53
437 38.52
438 38.52
439 38.53
440 38.53
441 38.55
442 38.53
443 38.53
444 38.51
445 38.56
446 38.55
447 38.54
448 38.55
449 38.53
450 38.54
451 38.56
452 38.56
453 38.58
454 38.57
455 38.55
456 38.57
457 38.57
458 38.56
459 38.61
460 38.57
461 38.59
462 38.56
463 38.57
464 38.59
465 38.60
466 38.60
467 38.62
468 38.61
469 38.60
470 38.60
471 38.59
472 38.64
473 38.59
474 38.61
475 38.62
476 38.62
477 38.61
478 38.64
479 38.64
480 38.61
481 38.63
482 38.65
483 38.64
484 38.62
485 38.63
486 38.62
487 38.65
488 38.65
489 38.62
490 38.63
491 38.61
492 38.63
493 38.64
494 38.66
495 38.65
496 38.65
497 38.68
498 38.67
499 38.67
500 38.68
501 38.66
502 38.66
503 38.68
504 38.68
505 38.67
506 38.64
507 38.67
508 38.68
509 38.69
510 38.67
511 38.68
512 38.68
513 38.69
514 38.69
515 38.67
516 38.67
517 38.67
518 38.67
519 38.68
520 38.69
521 38.70
522 38.69
523 38.69
524 38.69
525 38.69
526 38.69
527 38.69
528 38.69
529 38.69
530 38.69
531 38.71
532 38.70
533 38.69
534 38.69
535 38.69
536 38.70
537 38.70
538 38.69
539 38.70
540 38.70
541 38.70
542 38.70
543 38.69
544 38.70
545 38.70
546 38.70
547 38.68
548 38.69
549 38.70
550 38.70
551 38.70
552 38.70
553 38.70
554 38.70
555 38.71
556 38.71
557 38.70
558 38.71
559 38.70
560 38.70
561 38.70
562 38.70
563 38.71
564 38.70
565 38.70
566 38.71
567 38.70
568 38.70
569 38.70
570 38.71
571 38.71
572 38.71
573 38.71
574 38.71
575 38.70
576 38.70
577 38.71
578 38.70
579 38.70
580 38.71
581 38.71
582 38.71
583 38.70
584 38.70
585 38.71
586 38.71
587 38.71
588 38.71
589 38.70
590 38.71
591 38.71
592 38.71
593 38.70
594 38.71
595 38.70
596 38.71
597 38.71
598 38.71
599 38.71
600 38.70
601 38.71
602 38.71
603 38.70
604 38.71
605 38.71
606 38.71
607 38.71
608 38.71
609 38.71
610 38.71
611 38.71
612 38.71
613 38.71
614 38.71
615 38.71
616 38.71
617 38.72
618 38.71
619 38.71
620 38.71
621 38.71
622 38.71
623 38.71
624 38.71
625 38.71
626 38.71
627 38.71
628 38.71
629 38.71
630 38.71
631 38.71
632 38.71
633 38.71
634 38.71
635 38.71
636 38.71
637 38.71
638 38.71
639 38.71
640 38.71
641 38.72
642 38.72
643 38.72
644 38.70
645 38.71
646 38.71
647 38.71
648 38.71
649 38.71
650 38.71
651 38.72
652 38.71
653 38.71
654 38.72
655 38.71
656 38.71
657 38.72
658 38.71
659 38.71
660 38.71
661 38.71
662 38.72
663 38.71
664 38.71
665 38.71
666 38.72
667 38.72
668 38.72
669 38.72
670 38.72
671 38.71
672 38.72
673 38.71
674 38.72
675 38.71
676 38.72
677 38.72
678 38.72
679 38.71
680 38.71
681 38.71
682 38.72
683 38.71
684 38.72
685 38.72
686 38.72
687 38.71
688 38.72
689 38.72
690 38.73
691 38.71
692 38.71
693 38.71
694 38.71
695 38.71
696 38.71
697 38.72
698 38.72
699 38.71
700 38.72
701 38.71
702 38.72
703 38.72
704 38.72
705 38.71
706 38.73
707 38.72
708 38.71
709 38.72
710 38.74
711 38.73
712 38.72
713 38.71
714 38.72
715 38.72
716 38.73
717 38.71
718 38.71
719 38.72
720 38.71
721 38.73
722 38.72
723 38.73
724 38.74
725 38.72
726 38.73
727 38.73
728 38.72
729 38.73
730 38.73
731 38.71
732 38.72
733 38.73
734 38.73
735 38.71
736 38.72
737 38.72
738 38.73
739 38.74
740 38.73
741 38.73
742 38.73
743 38.74
744 38.74
745 38.73
746 38.75
747 38.73
748 38.72
749 38.73
750 38.73
751 38.74
752 38.74
753 38.73
754 38.72
755 38.74
756 38.73
757 38.73
758 38.73
759 38.74
760 38.73
761 38.75
762 38.72
763 38.74
764 38.75
765 38.73
766 38.72
767 38.73
768 38.73
769 38.75
770 38.73
771 38.73
772 38.74
773 38.73
774 38.74
775 38.75
776 38.73
777 38.72
778 38.75
779 38.73
780 38.73
781 38.75
782 38.74
783 38.75
784 38.74
785 38.74
786 38.75
787 38.74
788 38.75
789 38.75
790 38.74
791 38.73
792 38.74
793 38.74
794 38.75
795 38.75
796 38.74
797 38.76
798 38.75
799 38.77
800 38.74
801 38.75
802 38.75
803 38.73
804 38.75
805 38.74
806 38.74
807 38.76
808 38.76
809 38.75
810 38.81
811 38.73
812 38.74
813 38.76
814 38.74
815 38.76
816 38.77
817 38.77
818 38.77
819 38.78
820 38.78
821 38.77
822 38.76
823 38.76
824 38.76
825 38.76
826 38.75
827 38.76
828 38.78
829 38.78
830 38.78
831 38.77
832 38.77
833 38.79
834 38.76
835 38.82
836 38.79
837 38.79
838 38.81
839 38.82
840 38.79
841 38.82
842 38.78
843 38.81
844 38.78
845 38.80
846 38.82
847 38.81
848 38.80
849 38.80
850 38.82
851 38.81
852 38.80
853 38.82
854 38.78
855 38.83
856 38.81
857 38.80
858 38.81
859 38.80
860 38.79
861 38.81
862 38.81
863 38.80
864 38.82
865 38.81
866 38.80
867 38.80
868 38.81
869 38.80
870 38.82
871 38.82
872 38.82
873 38.82
874 38.82
875 38.84
876 38.82
877 38.84
878 38.83
879 38.84
880 38.79
881 38.81
882 38.83
883 38.84
884 38.81
885 38.81
886 38.82
887 38.81
888 38.85
889 38.80
890 38.84
891 38.82
892 38.81
893 38.82
894 38.82
895 38.83
896 38.80
897 38.83
898 38.82
899 38.85
900 38.82
901 38.81
902 38.83
903 38.86
904 38.82
905 38.82
906 38.82
907 38.83
908 38.79
909 38.79
910 38.82
911 38.83
912 38.82
913 38.82
914 38.83
915 38.85
916 38.84
917 38.83
918 38.85
919 38.83
920 38.80
921 38.81
922 38.83
923 38.82
924 38.81
925 38.86
926 38.86
927 38.84
928 38.84
929 38.85
930 38.83
931 38.83
932 38.85
933 38.85
934 38.85
935 38.85
936 38.83
937 38.83
938 38.86
939 38.86
940 38.84
941 38.85
942 38.83
943 38.85
944 38.86
945 38.87
946 38.85
947 38.84
948 38.87
949 38.86
950 38.86
951 38.86
952 38.85
953 38.83
954 38.87
955 38.85
956 38.86
957 38.86
958 38.86
959 38.87
960 38.87
961 38.87
962 38.86
963 38.85
964 38.85
965 38.87
966 38.88
967 38.89
968 38.88
969 38.89
970 38.85
971 38.87
972 38.89
973 38.85
974 38.86
975 38.84
976 38.84
977 38.85
978 38.85
979 38.87
980 38.86
981 38.88
982 38.86
983 38.87
984 38.86
985 38.84
986 38.86
987 38.86
988 38.86
989 38.85
990 38.88
991 38.87
992 38.86
993 38.85
994 38.87
995 38.85
996 38.87
997 38.88
998 38.87
999 38.90
1000 38.88
1001 38.88
1002 38.90
1003 38.86
1004 38.90
1005 38.90
1006 38.87
1007 38.89
1008 38.86
1009 38.89
1010 38.85
1011 38.89
1012 38.89
1013 38.90
1014 38.89
1015 38.86
1016 38.87
1017 38.90
1018 38.89
1019 38.89
1020 38.88
1021 38.89
1022 38.87
1023 38.90
1024 38.87
1025 38.88
1026 38.90
1027 38.88
1028 38.90
1029 38.90
1030 38.87
1031 38.89
1032 38.89
1033 38.90
1034 38.87
1035 38.90
1036 38.87
1037 38.87
1038 38.90
1039 38.89
1040 38.91
1041 38.89
1042 38.88
1043 38.87
1044 38.90
1045 38.89
1046 38.90
1047 38.90
1048 38.89
1049 38.91
1050 38.90
1051 38.90
1052 38.89
1053 38.90
1054 38.91
1055 38.89
1056 38.91
1057 38.90
1058 38.90
1059 38.91
1060 38.90
1061 38.91
1062 38.90
1063 38.88
1064 38.91
1065 38.91
1066 38.90
1067 38.91
1068 38.92
1069 38.90
1070 38.90
1071 38.91
1072 38.91
1073 38.90
1074 38.92
1075 38.91
1076 38.89
1077 38.91
1078 38.92
1079 38.91
1080 38.90
1081 38.91
1082 38.90
1083 38.90
1084 38.90
1085 38.91
1086 38.89
1087 38.90
1088 38.92
1089 38.90
1090 38.90
1091 38.90
1092 38.91
1093 38.90
1094 38.91
1095 38.91
1096 38.93
1097 38.91
1098 38.91
1099 38.92
1100 38.91
1101 38.92
1102 38.91
1103 38.92
1104 38.90
1105 38.92
1106 38.91
1107 38.92
1108 38.91
1109 38.90
1110 38.92
1111 38.91
1112 38.93
1113 38.90
1114 38.93
1115 38.92
1116 38.92
1117 38.90
1118 38.91
1119 38.91
1120 38.92
1121 38.93
1122 38.91
1123 38.91
1124 38.91
1125 38.91
1126 38.92
1127 38.92
1128 38.91
1129 38.93
1130 38.92
1131 38.91
1132 38.93
1133 38.91
1134 38.90
1135 38.90
1136 38.93
1137 38.92
1138 38.92
1139 38.92
1140 38.93
1141 38.92
1142 38.92
1143 38.92
1144 38.92
1145 38.92
1146 38.93
1147 38.91
1148 38.93
1149 38.93
1150 38.91
1151 38.93
1152 38.90
1153 38.91
1154 38.91
1155 38.91
1156 38.91
1157 38.90
1158 38.91
1159 38.91
1160 38.93
1161 38.93
1162 38.91
1163 38.91
1164 38.91
1165 38.93
1166 38.92
1167 38.94
1168 38.93
1169 38.92
1170 38.92
1171 38.92
1172 38.92
1173 38.91
1174 38.93
1175 38.93
1176 38.93
1177 38.91
1178 38.92
1179 38.92
1180 38.93
1181 38.91
1182 38.92
1183 38.93
1184 38.93
1185 38.93
1186 38.93
1187 38.93
1188 38.92
1189 38.92
1190 38.93
1191 38.93
1192 38.93
1193 38.94
1194 38.93
1195 38.93
1196 38.93
1197 38.93
1198 38.92
1199 38.92
1200 38.93
1201 38.93
1202 38.93
1203 38.92
1204 38.93
1205 38.93
1206 38.92
1207 38.93
1208 38.93
1209 38.93
1210 38.92
1211 38.91
1212 38.93
1213 38.93
1214 38.93
1215 38.93
1216 38.92
1217 38.93
1218 38.92
1219 38.94
1220 38.92
1221 38.93
1222 38.93
1223 38.93
1224 38.93
1225 38.93
1226 38.93
1227 38.92
1228 38.93
1229 38.93
1230 38.93
1231 38.93
1232 38.93
1233 38.93
1234 38.93
1235 38.93
1236 38.92
1237 38.93
1238 38.93
1239 38.93
1240 38.93
1241 38.93
1242 38.94
1243 38.93
1244 38.92
1245 38.94
1246 38.91
1247 38.93
1248 38.93
1249 38.93
1250 38.93
1251 38.93
1252 38.94
1253 38.93
1254 38.94
1255 38.92
1256 38.93
1257 38.93
1258 38.93
1259 38.93
1260 38.93
1261 38.94
1262 38.93
1263 38.93
1264 38.93
1265 38.93
1266 38.93
1267 38.93
1268 38.93
1269 38.93
1270 38.93
1271 38.92
1272 38.93
1273 38.93
1274 38.93
1275 38.93
1276 38.93
1277 38.93
1278 38.92
1279 38.93
1280 38.94
1281 38.93
1282 38.93
1283 38.94
1284 38.94
1285 38.94
1286 38.93
1287 38.93
1288 38.93
1289 38.93
1290 38.93
1291 38.93
1292 38.93
1293 38.93
1294 38.93
1295 38.94
1296 38.93
1297 38.93
1298 38.93
1299 38.93
1300 38.94
1301 38.93
1302 38.94
1303 38.93
1304 38.92
1305 38.92
1306 38.93
1307 38.94
1308 38.93
1309 38.93
1310 38.93
1311 38.93
1312 38.93
1313 38.93
1314 38.93
1315 38.93
1316 38.93
1317 38.93
1318 38.93
1319 38.94
1320 38.94
1321 38.94
1322 38.94
1323 38.93
1324 38.93
1325 38.93
1326 38.94
1327 38.93
1328 38.93
1329 38.93
1330 38.92
1331 38.93
1332 38.93
1333 38.94
1334 38.93
1335 38.93
1336 38.94
1337 38.93
1338 38.94
1339 38.94
1340 38.94
1341 38.94
1342 38.93
1343 38.93
1344 38.93
1345 38.93
1346 38.94
1347 38.94
1348 38.93
1349 38.93
1350 38.94
1351 38.93
1352 38.94
1353 38.93
1354 38.94
1355 38.93
1356 38.94
1357 38.93
1358 38.93
1359 38.93
1360 38.93
1361 38.93
1362 38.93
1363 38.94
1364 38.93
1365 38.94
1366 38.93
1367 38.94
1368 38.94
1369 38.94
1370 38.93
1371 38.94
1372 38.94
1373 38.93
1374 38.94
1375 38.94
1376 38.94
1377 38.93
1378 38.93
1379 38.94
1380 38.94
1381 38.94
1382 38.93
1383 38.93
1384 38.93
1385 38.94
1386 38.93
1387 38.94
1388 38.94
1389 38.94
1390 38.93
1391 38.93
1392 38.94
1393 38.94
1394 38.94
1395 38.94
1396 38.93
1397 38.94
1398 38.92
1399 38.93
1400 38.93
1401 38.94
1402 38.94
1403 38.94
1404 38.94
1405 38.94
1406 38.93
1407 38.94
1408 38.94
1409 38.94
1410 38.94
1411 38.94
1412 38.93
1413 38.94
1414 38.94
1415 38.93
1416 38.94
1417 38.93
1418 38.94
1419 38.94
1420 38.94
1421 38.93
1422 38.93
1423 38.94
1424 38.94
1425 38.94
1426 38.94
1427 38.94
1428 38.93
1429 38.93
1430 38.94
1431 38.94
1432 38.94
1433 38.94
1434 38.94
1435 38.94
1436 38.94
1437 38.94
1438 38.94
1439 38.94
1440 38.94
1441 38.94
1442 38.94
1443 38.94
1444 38.94
1445 38.93
1446 38.93
1447 38.94
1448 38.93
1449 38.94
1450 38.94
1451 38.93
1452 38.94
1453 38.94
1454 38.94
1455 38.94
1456 38.94
1457 38.94
1458 38.94
1459 38.93
1460 38.94
1461 38.93
1462 38.94
1463 38.93
1464 38.94
1465 38.94
1466 38.94
1467 38.93
1468 38.94
1469 38.94
1470 38.94
1471 38.94
1472 38.94
1473 38.94
1474 38.94
1475 38.94
1476 38.94
1477 38.94
1478 38.94
1479 38.94
1480 38.94
1481 38.94
1482 38.94
1483 38.94
1484 38.93
1485 38.94
1486 38.93
1487 38.94
1488 38.93
1489 38.93
1490 38.94
1491 38.94
1492 38.94
1493 38.94
1494 38.93
1495 38.94
1496 38.94
1497 38.94
1498 38.94
1499 38.94
1500 38.94
1501 38.94
1502 38.93
1503 38.94
1504 38.94
1505 38.93
1506 38.94
1507 38.94
1508 38.94
1509 38.94
1510 38.94
1511 38.94
1512 38.93
1513 38.94
1514 38.94
1515 38.93
1516 38.94
1517 38.94
1518 38.94
1519 38.93
1520 38.94
1521 38.94
1522 38.94
1523 38.94
1524 38.94
1525 38.94
1526 38.94
1527 38.94
1528 38.94
1529 38.93
1530 38.93
1531 38.93
1532 38.94
1533 38.93
1534 38.94
1535 38.94
1536 38.94
1537 38.94
1538 38.93
1539 38.94
1540 38.94
1541 38.93
1542 38.94
1543 38.94
1544 38.94
1545 38.94
1546 38.94
1547 38.94
1548 38.93
1549 38.94
1550 38.94
1551 38.94
1552 38.94
1553 38.94
1554 38.94
1555 38.94
1556 38.94
1557 38.93
1558 38.93
1559 38.94
1560 38.94
1561 38.94
1562 38.94
1563 38.94
1564 38.94
1565 38.93
1566 38.94
1567 38.94
1568 38.94
1569 38.94
1570 38.94
1571 38.94
1572 38.93
1573 38.93
1574 38.93
1575 38.94
1576 38.94
1577 38.94
1578 38.94
1579 38.94
1580 38.94
1581 38.93
1582 38.94
1583 38.94
1584 38.94
1585 38.93
1586 38.94
1587 38.94
1588 38.94
1589 38.94
1590 38.94
1591 38.94
1592 38.94
1593 38.94
1594 38.94
1595 38.94
1596 38.94
1597 38.94
1598 38.94
1599 38.94
1600 38.94
1601 38.93
1602 38.94
1603 38.94
1604 38.94
1605 38.94
1606 38.94
1607 38.94
1608 38.93
1609 38.94
1610 38.94
1611 38.94
1612 38.94
1613 38.94
1614 38.94
1615 38.94
1616 38.94
1617 38.94
1618 38.94
1619 38.94
1620 38.94
1621 38.94
1622 38.93
1623 38.94
1624 38.94
1625 38.94
1626 38.94
1627 38.94
1628 38.94
1629 38.94
1630 38.94
1631 38.94
1632 38.94
1633 38.94
1634 38.94
1635 38.93
1636 38.94
1637 38.94
1638 38.94
1639 38.94
1640 38.94
1641 38.94
1642 38.93
1643 38.94
1644 38.94
1645 38.94
1646 38.94
1647 38.94
1648 38.94
1649 38.94
1650 38.93
1651 38.94
1652 38.94
1653 38.94
1654 38.94
1655 38.94
1656 38.94
1657 38.94
1658 38.94
1659 38.94
1660 38.94
1661 38.94
1662 38.94
1663 38.94
1664 38.94
1665 38.94
1666 38.94
1667 38.94
1668 38.94
1669 38.94
1670 38.93
1671 38.94
1672 38.94
1673 38.94
1674 38.94
1675 38.95
1676 38.94
1677 38.94
1678 38.94
1679 38.94
1680 38.94
1681 38.94
1682 38.94
1683 38.94
1684 38.94
1685 38.94
1686 38.94
1687 38.94
1688 38.94
1689 38.94
1690 38.94
1691 38.94
1692 38.94
1693 38.94
1694 38.94
1695 38.93
1696 38.94
1697 38.94
1698 38.94
1699 38.94
1700 38.94
1701 38.94
1702 38.94
1703 38.94
1704 38.94
1705 38.94
1706 38.94
1707 38.94
1708 38.94
1709 38.94
1710 38.94
1711 38.94
1712 38.94
1713 38.94
1714 38.94
1715 38.94
1716 38.94
1717 38.94
1718 38.94
1719 38.94
1720 38.95
1721 38.94
1722 38.94
1723 38.94
1724 38.94
1725 38.94
1726 38.94
1727 38.94
1728 38.94
1729 38.94
1730 38.94
1731 38.94
1732 38.94
1733 38.94
1734 38.94
1735 38.94
1736 38.94
1737 38.94
1738 38.94
1739 38.94
1740 38.94
1741 38.94
1742 38.94
1743 38.94
1744 38.94
1745 38.95
1746 38.94
1747 38.94
1748 38.94
1749 38.94
1750 38.94
1751 38.94
1752 38.94
1753 38.94
1754 38.94
1755 38.94
1756 38.94
1757 38.94
1758 38.94
1759 38.94
1760 38.94
1761 38.95
1762 38.94
1763 38.94
1764 38.94
1765 38.94
1766 38.94
1767 38.94
1768 38.94
1769 38.93
1770 38.94
1771 38.94
1772 38.94
1773 38.94
1774 38.94
1775 38.94
1776 38.94
1777 38.94
1778 38.94
1779 38.95
1780 38.94
1781 38.94
1782 38.94
1783 38.94
1784 38.94
1785 38.94
1786 38.94
1787 38.94
1788 38.94
1789 38.94
1790 38.94
1791 38.95
1792 38.94
1793 38.95
1794 38.94
1795 38.94
1796 38.94
1797 38.94
1798 38.94
1799 38.94
1800 38.94
1801 38.94
1802 38.94
1803 38.94
1804 38.94
1805 38.94
1806 38.94
1807 38.94
1808 38.94
1809 38.94
1810 38.94
1811 38.94
1812 38.94
1813 38.94
1814 38.94
1815 38.94
1816 38.94
1817 38.94
1818 38.93
1819 38.94
1820 38.95
1821 38.94
1822 38.94
1823 38.94
1824 38.94
1825 38.94
1826 38.94
1827 38.94
1828 38.94
1829 38.94
1830 38.94
1831 38.94
1832 38.94
1833 38.94
1834 38.94
1835 38.94
1836 38.93
1837 38.94
1838 38.94
1839 38.94
1840 38.94
1841 38.94
1842 38.94
1843 38.94
1844 38.94
1845 38.94
1846 38.94
1847 38.95
1848 38.94
1849 38.94
1850 38.94
1851 38.94
1852 38.94
1853 38.94
1854 38.94
1855 38.94
1856 38.94
1857 38.94
1858 38.94
1859 38.94
1860 38.94
1861 38.94
1862 38.94
1863 38.94
1864 38.94
1865 38.94
1866 38.94
1867 38.94
1868 38.94
1869 38.94
1870 38.94
1871 38.94
1872 38.95
1873 38.94
1874 38.94
1875 38.94
1876 38.94
1877 38.94
1878 38.94
1879 38.94
1880 38.94
1881 38.94
1882 38.94
1883 38.94
1884 38.94
1885 38.95
1886 38.94
1887 38.94
1888 38.94
1889 38.94
1890 38.94
1891 38.94
1892 38.94
1893 38.94
1894 38.94
1895 38.94
1896 38.94
1897 38.94
1898 38.94
1899 38.94
1900 38.95
1901 38.94
1902 38.94
1903 38.94
1904 38.94
1905 38.94
1906 38.94
1907 38.95
1908 38.95
1909 38.94
1910 38.94
1911 38.94
1912 38.94
1913 38.94
1914 38.94
1915 38.94
1916 38.94
1917 38.94
1918 38.94
1919 38.94
1920 38.94
1921 38.94
1922 38.94
1923 38.94
1924 38.94
1925 38.94
1926 38.94
1927 38.94
1928 38.94
1929 38.94
1930 38.94
1931 38.94
1932 38.94
1933 38.94
1934 38.94
1935 38.94
1936 38.94
1937 38.95
1938 38.94
1939 38.94
1940 38.94
1941 38.95
1942 38.94
1943 38.94
1944 38.94
1945 38.94
1946 38.94
1947 38.95
1948 38.94
1949 38.94
1950 38.94
1951 38.94
1952 38.94
1953 38.94
1954 38.94
1955 38.94
1956 38.94
1957 38.94
1958 38.94
1959 38.94
1960 38.94
1961 38.94
1962 38.94
1963 38.94
1964 38.94
1965 38.95
1966 38.94
1967 38.94
1968 38.94
1969 38.94
1970 38.94
1971 38.94
1972 38.94
1973 38.94
1974 38.94
1975 38.94
1976 38.94
1977 38.94
1978 38.94
1979 38.95
1980 38.94
1981 38.94
1982 38.94
1983 38.94
1984 38.94
1985 38.94
1986 38.94
1987 38.94
1988 38.94
1989 38.94
1990 38.94
1991 38.94
1992 38.94
1993 38.94
1994 38.94
1995 38.95
1996 38.95
1997 38.94
1998 38.94
1999 38.94
2000 38.94
2001 38.94
2002 38.94
2003 38.94
2004 38.94
2005 38.95
2006 38.94
2007 38.94
2008 38.94
2009 38.94
2010 38.94
2011 38.94
2012 38.95
2013 38.94
2014 38.94
2015 38.95
2016 38.95
2017 38.94
2018 38.95
2019 38.94
2020 38.94
2021 38.94
2022 38.94
2023 38.95
2024 38.94
2025 38.95
2026 38.94
2027 38.94
2028 38.94
2029 38.94
2030 38.94
2031 38.94
2032 38.94
2033 38.94
2034 38.94
2035 38.95
2036 38.94
2037 38.94
2038 38.94
2039 38.94
2040 38.94
2041 38.94
2042 38.94
2043 38.94
2044 38.94
2045 38.94
2046 38.94
2047 38.95
2048 38.94
2049 38.94
2050 38.94
2051 38.95
2052 38.94
2053 38.94
2054 38.94
2055 38.94
2056 38.94
2057 38.94
2058 38.94
2059 38.94
2060 38.94
2061 38.94
2062 38.95
2063 38.95
2064 38.95
2065 38.94
2066 38.94
2067 38.95
2068 38.94
2069 38.94
2070 38.95
2071 38.95
2072 38.96
2073 38.95
2074 38.95
2075 38.95
2076 38.94
2077 38.94
2078 38.94
2079 38.94
2080 38.95
2081 38.95
2082 38.94
2083 38.94
2084 38.94
2085 38.94
2086 38.94
2087 38.94
2088 38.94
2089 38.94
2090 38.94
2091 38.94
2092 38.94
2093 38.94
2094 38.96
2095 38.94
2096 38.94
2097 38.94
2098 38.94
2099 38.94
2100 38.94
2101 38.95
2102 38.95
2103 38.94
2104 38.95
2105 38.94
2106 38.95
2107 38.94
2108 38.94
2109 38.94
2110 38.95
2111 38.94
2112 38.94
2113 38.95
2114 38.94
2115 38.95
2116 38.94
2117 38.94
2118 38.94
2119 38.94
2120 38.95
2121 38.94
2122 38.95
2123 38.95
2124 38.95
2125 38.95
2126 38.94
2127 38.95
2128 38.95
2129 38.94
2130 38.95
2131 38.94
2132 38.94
2133 38.94
2134 38.95
2135 38.95
2136 38.94
2137 38.95
2138 38.95
2139 38.94
2140 38.94
2141 38.95
2142 38.94
2143 38.94
2144 38.95
2145 38.94
2146 38.94
2147 38.94
2148 38.95
2149 38.94
2150 38.94
2151 38.94
2152 38.94
2153 38.95
2154 38.95
2155 38.95
2156 38.95
2157 38.95
2158 38.94
2159 38.94
2160 38.94
2161 38.95
2162 38.94
2163 38.94
2164 38.95
2165 38.94
2166 38.95
2167 38.94
2168 38.94
2169 38.94
2170 38.95
2171 38.95
2172 38.95
2173 38.94
2174 38.95
2175 38.94
2176 38.94
2177 38.94
2178 38.95
2179 38.95
2180 38.95
2181 38.96
2182 38.94
2183 38.94
2184 38.94
2185 38.94
2186 38.95
2187 38.94
2188 38.95
2189 38.94
2190 38.94
2191 38.94
2192 38.95
2193 38.94
2194 38.94
2195 38.94
2196 38.94
2197 38.94
2198 38.94
2199 38.94
2200 38.95
2201 38.95
2202 38.94
2203 38.94
2204 38.95
2205 38.94
2206 38.95
2207 38.95
2208 38.94
2209 38.94
2210 38.94
2211 38.95
2212 38.95
2213 38.95
2214 38.95
2215 38.94
2216 38.94
2217 38.94
2218 38.94
2219 38.94
2220 38.95
2221 38.95
2222 38.95
2223 38.95
2224 38.95
2225 38.94
2226 38.95
2227 38.94
2228 38.95
2229 38.96
2230 38.95
2231 38.94
2232 38.95
2233 38.93
2234 38.95
2235 38.95
2236 38.95
2237 38.96
2238 38.94
2239 38.95
2240 38.95
2241 38.94
2242 38.94
2243 38.95
2244 38.95
2245 38.94
2246 38.95
2247 38.95
2248 38.95
2249 38.95
2250 38.95
2251 38.95
2252 38.94
2253 38.94
2254 38.95
2255 38.94
2256 38.94
2257 38.94
2258 38.94
2259 38.95
2260 38.94
2261 38.95
2262 38.94
2263 38.94
2264 38.95
2265 38.95
2266 38.94
2267 38.94
2268 38.95
2269 38.95
2270 38.95
2271 38.95
2272 38.95
2273 38.95
2274 38.95
2275 38.94
2276 38.95
2277 38.95
2278 38.94
2279 38.94
2280 38.94
2281 38.95
2282 38.96
2283 38.95
2284 38.96
2285 38.95
2286 38.95
2287 38.95
2288 38.94
2289 38.97
2290 38.96
2291 38.95
2292 38.94
2293 38.95
2294 38.96
2295 38.94
2296 38.95
2297 38.95
2298 38.96
2299 38.95
2300 38.95
2301 38.95
2302 38.96
2303 38.96
2304 38.95
2305 38.95
2306 38.95
2307 38.95
2308 38.94
2309 38.94
2310 38.95
2311 38.94
2312 38.94
2313 38.95
2314 38.95
2315 38.95
2316 38.95
2317 38.94
2318 38.96
2319 38.94
2320 38.95
2321 38.94
2322 38.94
2323 38.94
2324 38.95
2325 38.94
2326 38.94
2327 38.94
2328 38.95
2329 38.94
2330 38.94
2331 38.95
2332 38.96
2333 38.95
2334 38.95
2335 38.96
2336 38.95
2337 38.95
2338 38.95
2339 38.95
2340 38.95
2341 38.97
2342 38.94
2343 38.94
2344 38.95
2345 38.95
2346 38.95
2347 38.95
2348 38.95
2349 38.94
2350 38.95
2351 38.95
2352 38.95
2353 38.95
2354 38.94
2355 38.94
2356 38.95
2357 38.95
2358 38.95
2359 38.96
2360 38.95
2361 38.96
2362 38.96
2363 38.97
2364 38.95
2365 38.96
2366 38.95
2367 38.96
2368 38.96
2369 38.94
2370 38.94
2371 38.95
2372 38.96
2373 38.96
2374 38.95
2375 38.94
2376 38.96
2377 38.96
2378 38.95
2379 38.96
2380 38.95
2381 38.96
2382 38.96
2383 38.97
2384 38.95
2385 38.94
2386 38.95
2387 38.96
2388 38.95
2389 38.94
2390 38.95
2391 38.95
2392 38.95
2393 38.95
2394 38.95
2395 38.95
2396 38.95
2397 38.95
2398 38.95
2399 38.95
2400 38.95
2401 38.95
2402 38.96
2403 38.95
2404 38.95
2405 38.96
2406 38.95
2407 38.95
2408 38.95
2409 38.95
2410 38.95
2411 38.95
2412 38.96
2413 38.94
2414 38.95
2415 38.96
2416 38.95
2417 38.95
2418 38.96
2419 38.95
2420 38.97
2421 38.95
2422 38.95
2423 38.95
2424 38.95
2425 38.95
2426 38.96
2427 38.94
2428 38.95
2429 38.95
2430 38.95
2431 38.96
2432 38.94
2433 38.96
2434 38.94
2435 38.94
2436 38.94
2437 38.97
2438 38.95
2439 38.96
2440 38.96
2441 38.94
2442 38.96
2443 38.95
2444 38.95
2445 38.95
2446 38.96
2447 38.95
2448 38.95
2449 38.95
2450 38.96
2451 38.96
2452 38.96
2453 38.95
2454 38.95
2455 38.96
2456 38.96
2457 38.97
2458 38.96
2459 38.95
2460 38.95
2461 38.96
2462 38.95
2463 38.95
2464 38.96
2465 38.95
2466 38.94
2467 38.95
2468 38.96
2469 38.96
2470 38.96
2471 38.94
2472 38.95
2473 38.95
2474 38.94
2475 38.96
2476 38.95
2477 38.94
2478 38.95
2479 38.96
2480 38.95
2481 38.96
2482 38.95
2483 38.95
2484 38.95
2485 38.96
2486 38.95
2487 38.95
2488 38.95
2489 38.95
2490 38.96
2491 38.96
2492 38.96
2493 38.95
2494 38.95
2495 38.97
2496 38.96
2497 38.96
2498 38.96
2499 38.95
2500 38.97
2501 38.95
2502 38.96
2503 38.96
2504 38.96
2505 38.96
2506 38.96
2507 38.95
2508 38.95
2509 38.95
2510 38.95
2511 38.95
2512 38.96
2513 38.96
2514 38.96
2515 38.96
2516 38.94
2517 38.95
2518 38.97
2519 38.96
2520 38.95
2521 38.96
2522 38.95
2523 38.94
2524 38.96
2525 38.95
2526 38.94
2527 38.95
2528 38.95
2529 38.97
2530 38.94
2531 38.95
2532 38.95
2533 38.97
2534 38.95
2535 38.96
2536 38.95
2537 38.95
2538 38.95
2539 38.96
2540 38.96
2541 38.95
2542 38.95
2543 38.95
2544 38.96
2545 38.95
2546 38.95
2547 38.95
2548 38.96
2549 38.95
2550 38.96
2551 38.98
2552 38.95
2553 38.97
2554 38.95
2555 38.94
2556 38.96
2557 38.95
2558 38.96
2559 38.96
2560 38.96
2561 38.96
2562 38.97
2563 38.96
2564 38.96
2565 38.95
2566 38.96
2567 38.96
2568 38.96
2569 38.96
2570 38.97
2571 38.95
2572 38.96
2573 38.96
2574 38.97
2575 38.96
2576 38.95
2577 38.96
2578 38.95
2579 38.95
2580 38.97
2581 38.96
2582 38.95
2583 38.95
2584 38.98
2585 38.96
2586 38.97
2587 38.96
2588 38.96
2589 38.97
2590 38.96
2591 38.95
2592 38.95
2593 38.96
2594 38.96
2595 38.95
2596 38.95
2597 38.98
2598 38.96
2599 38.96
2600 38.97
2601 38.96
2602 38.98
2603 38.97
2604 38.97
2605 38.96
2606 38.96
2607 38.95
2608 38.97
2609 38.95
2610 38.98
2611 38.96
2612 38.98
2613 38.95
2614 38.96
2615 38.95
2616 38.97
2617 38.97
2618 38.97
2619 38.95
2620 38.96
2621 38.95
2622 38.97
2623 38.97
2624 38.96
2625 38.95
2626 38.96
2627 38.99
2628 38.96
2629 38.96
2630 38.98
2631 38.95
2632 38.98
2633 38.96
2634 38.96
2635 38.96
2636 38.97
2637 38.97
2638 38.98
2639 38.96
2640 38.96
2641 38.95
2642 39.00
2643 38.96
2644 38.97
2645 38.97
2646 38.97
2647 38.96
2648 38.96
2649 38.96
2650 38.94
2651 38.96
2652 38.96
2653 38.96
2654 38.97
2655 38.98
2656 38.97
2657 38.95
2658 38.97
2659 38.95
2660 38.96
2661 38.98
2662 38.97
2663 38.95
2664 38.97
2665 38.96
2666 38.96
2667 38.96
2668 38.98
2669 38.97
2670 38.96
2671 38.97
2672 38.96
2673 38.98
2674 38.97
2675 38.96
2676 38.96
2677 38.98
2678 38.96
2679 38.98
2680 38.97
2681 38.97
2682 38.95
2683 38.96
2684 38.96
2685 38.98
2686 38.97
2687 38.98
2688 38.96
2689 38.99
2690 38.98
2691 38.95
2692 38.97
2693 38.96
2694 38.96
2695 38.95
2696 38.97
2697 38.96
2698 38.97
2699 38.95
2700 38.98
2701 38.96
2702 38.96
2703 38.99
2704 38.98
2705 38.97
2706 38.99
2707 38.96
2708 38.96
2709 38.98
2710 38.96
2711 38.96
2712 38.96
2713 38.98
2714 38.95
2715 38.96
2716 38.96
2717 38.96
2718 38.97
2719 38.98
2720 38.97
2721 38.97
2722 38.97
2723 38.99
2724 38.98
2725 38.96
2726 38.96
2727 38.98
2728 38.99
2729 38.99
2730 38.97
2731 38.97
2732 39.00
2733 38.96
2734 38.98
2735 38.97
2736 38.96
2737 38.99
2738 38.98
2739 38.97
2740 38.97
2741 38.96
2742 38.99
2743 38.99
2744 38.96
2745 38.96
2746 38.97
2747 38.96
2748 38.97
2749 38.99
2750 38.98
2751 38.98
2752 38.99
2753 39.00
2754 38.97
2755 38.98
2756 38.99
2757 38.98
2758 38.96
2759 38.96
2760 38.97
2761 38.96
2762 38.97
2763 38.99
2764 38.97
2765 38.97
2766 38.98
2767 38.96
2768 38.98
2769 38.96
2770 38.96
2771 38.99
2772 38.99
2773 38.99
2774 38.97
2775 38.98
2776 38.99
2777 38.98
2778 38.97
2779 38.94
2780 38.99
2781 38.97
2782 38.97
2783 38.99
2784 38.99
2785 38.97
2786 38.98
2787 38.97
2788 38.98
2789 38.99
2790 38.99
2791 38.99
2792 38.98
2793 38.97
2794 38.97
2795 38.98
2796 38.98
2797 38.99
2798 38.96
2799 39.00
2800 39.01
2801 38.99
2802 38.97
2803 38.99
2804 38.98
2805 38.99
2806 39.00
2807 38.99
2808 38.99
2809 38.98
2810 38.96
2811 38.97
2812 38.97
2813 38.99
2814 38.99
2815 38.98
2816 38.97
2817 38.98
2818 38.99
2819 38.99
2820 38.96
2821 38.97
2822 38.98
2823 39.00
2824 38.97
2825 38.97
2826 38.98
2827 38.98
2828 38.98
2829 38.99
2830 39.00
2831 39.00
2832 38.99
2833 39.00
2834 39.02
2835 38.98
2836 38.99
2837 38.99
2838 39.02
2839 38.99
2840 38.99
2841 38.99
2842 39.01
2843 38.97
2844 38.98
2845 39.00
2846 38.99
2847 39.02
2848 38.99
2849 38.99
2850 39.01
2851 38.99
2852 39.00
2853 39.01
2854 39.01
2855 38.98
2856 38.99
2857 38.98
2858 38.99
2859 38.98
2860 38.99
2861 38.98
2862 39.02
2863 38.98
2864 38.99
2865 38.99
2866 38.99
2867 38.99
2868 39.00
2869 38.99
2870 39.01
2871 39.02
2872 39.00
2873 39.00
2874 39.00
2875 39.00
2876 39.00
2877 39.02
2878 39.00
2879 39.02
2880 39.00
2881 38.99
2882 39.01
2883 39.00
2884 38.98
2885 38.98
2886 38.99
2887 38.99
2888 39.00
2889 39.04
2890 38.99
2891 39.03
2892 39.00
2893 38.98
2894 39.01
2895 38.99
2896 39.00
2897 39.00
2898 39.03
2899 39.00
2900 39.00
2901 39.00
2902 39.00
2903 38.99
2904 38.99
2905 39.00
2906 39.02
2907 39.00
2908 38.99
2909 38.98
2910 38.99
2911 39.00
2912 39.02
2913 39.03
2914 39.01
2915 39.00
2916 39.02
2917 39.02
2918 39.04
2919 38.99
2920 38.99
2921 38.98
2922 39.01
2923 39.01
2924 39.01
2925 38.99
2926 39.01
2927 39.00
2928 39.02
2929 38.99
2930 39.01
2931 39.02
2932 39.00
2933 39.00
2934 39.02
2935 39.02
2936 39.03
2937 39.03
2938 39.01
2939 39.02
2940 39.00
2941 39.01
2942 39.01
2943 39.03
2944 39.03
2945 38.99
2946 39.00
2947 39.04
2948 39.03
2949 39.00
2950 39.02
2951 39.04
2952 39.01
2953 39.03
2954 39.00
2955 39.02
2956 39.03
2957 38.98
2958 39.02
2959 39.02
2960 39.03
2961 39.03
2962 39.03
2963 39.03
2964 39.00
2965 39.02
2966 39.02
2967 39.03
2968 39.02
2969 39.01
2970 39.03
2971 39.01
2972 39.02
2973 39.02
2974 39.02
2975 39.03
2976 39.00
2977 39.03
2978 39.03
2979 39.03
2980 39.01
2981 39.05
2982 39.02
2983 39.04
2984 39.04
2985 39.03
2986 39.03
2987 38.99
2988 39.01
2989 39.02
2990 39.00
2991 39.01
2992 39.05
2993 39.05
2994 39.02
2995 39.03
2996 39.03
2997 39.04
2998 39.03
2999 39.03
3000 39.03
3001 39.02
3002 39.04
3003 39.01
3004 39.03
3005 39.02
3006 39.04
3007 39.02
3008 39.04
3009 39.03
3010 39.05
3011 39.00
3012 39.04
3013 39.03
3014 39.04
3015 39.04
3016 39.04
3017 39.02
3018 39.01
3019 39.07
3020 39.02
3021 39.02
3022 39.05
3023 39.03
3024 39.07
3025 39.07
3026 39.00
3027 39.05
3028 39.03
3029 39.06
3030 39.02
3031 39.03
3032 39.03
3033 39.07
3034 39.05
3035 39.06
3036 39.03
3037 39.03
3038 39.03
3039 39.03
3040 39.01
3041 39.04
3042 39.03
3043 39.06
3044 39.00
3045 39.04
3046 39.06
3047 39.06
3048 39.01
3049 39.07
3050 39.02
3051 39.05
3052 39.02
3053 39.04
3054 39.04
3055 39.07
3056 39.05
3057 39.05
3058 39.01
3059 39.05
3060 39.02
3061 39.05
3062 39.05
3063 39.00
3064 39.02
3065 39.02
3066 39.03
3067 39.03
3068 39.05
3069 39.01
3070 39.04
3071 39.05
3072 39.05
3073 39.03
3074 39.04
3075 39.05
3076 39.04
3077 39.04
3078 39.04
3079 39.03
3080 39.02
3081 39.04
3082 39.02
3083 39.07
3084 39.03
3085 39.06
3086 39.04
3087 39.07
3088 39.04
3089 39.07
3090 39.06
3091 39.07
3092 39.07
3093 39.03
3094 39.05
3095 39.04
3096 39.05
3097 39.06
3098 39.05
3099 39.05
3100 39.09
3101 39.07
3102 39.05
3103 39.04
3104 39.06
3105 39.03
3106 39.07
3107 39.08
3108 39.04
3109 39.06
3110 39.06
3111 39.07
3112 39.05
3113 39.08
3114 39.06
3115 39.06
3116 39.09
3117 39.04
3118 39.03
3119 39.07
3120 39.09
3121 39.07
3122 39.06
3123 39.06
3124 39.06
3125 39.04
3126 39.06
3127 39.06
3128 39.05
3129 39.06
3130 39.07
3131 39.07
3132 39.06
3133 39.04
3134 39.06
3135 39.05
3136 39.07
3137 39.06
3138 39.06
3139 39.08
3140 39.07
3141 39.07
3142 39.08
3143 39.08
3144 39.07
3145 39.06
3146 39.07
3147 39.07
3148 39.08
3149 39.07
3150 39.07
3151 39.06
3152 39.05
3153 39.07
3154 39.07
3155 39.08
3156 39.08
3157 39.07
3158 39.08
3159 39.06
3160 39.07
3161 39.10
3162 39.08
3163 39.06
3164 39.08
3165 39.08
3166 39.08
3167 39.09
3168 39.08
3169 39.05
3170 39.06
3171 39.08
3172 39.06
3173 39.06
3174 39.07
3175 39.06
3176 39.05
3177 39.08
3178 39.06
3179 39.06
3180 39.08
3181 39.06
3182 39.08
3183 39.06
3184 39.11
3185 39.05
3186 39.10
3187 39.08
3188 39.06
3189 39.08
3190 39.06
3191 39.07
3192 39.09
3193 39.08
3194 39.06
3195 39.07
3196 39.08
3197 39.06
3198 39.06
3199 39.09
3200 39.08
3201 39.08
3202 39.08
3203 39.07
3204 39.11
3205 39.08
3206 39.10
3207 39.07
3208 39.07
3209 39.07
3210 39.10
3211 39.06
3212 39.12
3213 39.10
3214 39.07
3215 39.11
3216 39.07
3217 39.09
3218 39.10
3219 39.09
3220 39.11
3221 39.11
3222 39.06
3223 39.10
3224 39.10
3225 39.08
3226 39.11
3227 39.08
3228 39.10
3229 39.08
3230 39.09
3231 39.06
3232 39.09
3233 39.11
3234 39.10
3235 39.10
3236 39.10
3237 39.13
3238 39.10
3239 39.10
3240 39.10
3241 39.09
3242 39.11
3243 39.11
3244 39.10
3245 39.10
3246 39.10
3247 39.09
3248 39.12
3249 39.11
3250 39.09
3251 39.10
3252 39.10
3253 39.11
3254 39.09
3255 39.08
3256 39.07
3257 39.08
3258 39.09
3259 39.09
3260 39.09
3261 39.11
3262 39.12
3263 39.10
3264 39.09
3265 39.10
3266 39.11
3267 39.10
3268 39.11
3269 39.13
3270 39.10
3271 39.10
3272 39.10
3273 39.09
3274 39.09
3275 39.12
3276 39.07
3277 39.08
3278 39.11
3279 39.10
3280 39.09
3281 39.09
3282 39.09
3283 39.12
3284 39.08
3285 39.10
3286 39.10
3287 39.13
3288 39.12
3289 39.11
3290 39.12
3291 39.11
3292 39.14
3293 39.12
3294 39.09
3295 39.11
3296 39.12
3297 39.09
3298 39.12
3299 39.11
3300 39.12
3301 39.11
3302 39.10
3303 39.10
3304 39.14
3305 39.08
3306 39.12
3307 39.11
3308 39.11
3309 39.13
3310 39.10
3311 39.11
3312 39.13
3313 39.11
3314 39.11
3315 39.12
3316 39.10
3317 39.11
3318 39.13
3319 39.13
3320 39.11
3321 39.12
3322 39.09
3323 39.12
3324 39.14
3325 39.14
3326 39.11
3327 39.12
3328 39.14
3329 39.11
3330 39.11
3331 39.13
3332 39.13
3333 39.12
3334 39.12
3335 39.12
3336 39.13
3337 39.11
3338 39.11
3339 39.14
3340 39.10
3341 39.13
3342 39.12
3343 39.13
3344 39.14
3345 39.14
3346 39.11
3347 39.11
3348 39.15
3349 39.14
3350 39.13
3351 39.13
3352 39.12
3353 39.10
3354 39.11
3355 39.11
3356 39.13
3357 39.11
3358 39.10
3359 39.10
3360 39.13
3361 39.13
3362 39.12
3363 39.13
3364 39.13
3365 39.10
3366 39.12
3367 39.13
3368 39.12
3369 39.11
3370 39.12
3371 39.11
3372 39.14
3373 39.11
3374 39.11
3375 39.14
3376 39.14
3377 39.11
3378 39.13
3379 39.13
3380 39.11
3381 39.13
3382 39.12
3383 39.13
3384 39.14
3385 39.11
3386 39.14
3387 39.14
3388 39.12
3389 39.14
3390 39.11
3391 39.14
3392 39.14
3393 39.13
3394 39.11
3395 39.12
3396 39.12
3397 39.14
3398 39.12
3399 39.13
3400 39.15
3401 39.12
3402 39.14
3403 39.11
3404 39.14
3405 39.15
3406 39.13
3407 39.12
3408 39.14
3409 39.12
3410 39.15
3411 39.12
3412 39.14
3413 39.13
3414 39.15
3415 39.13
3416 39.13
3417 39.14
3418 39.15
3419 39.15
3420 39.12
3421 39.14
3422 39.14
3423 39.13
3424 39.13
3425 39.14
3426 39.12
3427 39.13
3428 39.13
3429 39.15
3430 39.14
3431 39.14
3432 39.15
3433 39.13
3434 39.14
3435 39.14
3436 39.14
3437 39.14
3438 39.13
3439 39.14
3440 39.13
3441 39.14
3442 39.13
3443 39.13
3444 39.14
3445 39.14
3446 39.14
3447 39.12
3448 39.15
3449 39.15
3450 39.14
3451 39.14
3452 39.15
3453 39.12
3454 39.15
3455 39.13
3456 39.15
3457 39.15
3458 39.14
3459 39.15
3460 39.13
3461 39.15
3462 39.13
3463 39.15
3464 39.15
3465 39.14
3466 39.15
3467 39.14
3468 39.15
3469 39.13
3470 39.15
3471 39.15
3472 39.15
3473 39.15
3474 39.15
3475 39.12
3476 39.13
3477 39.13
3478 39.15
3479 39.14
3480 39.15
3481 39.15
3482 39.14
3483 39.13
3484 39.16
3485 39.14
3486 39.16
3487 39.15
3488 39.14
3489 39.14
3490 39.15
3491 39.13
3492 39.15
3493 39.15
3494 39.16
3495 39.15
3496 39.14
3497 39.14
3498 39.14
3499 39.15
3500 39.15
3501 39.15
3502 39.15
3503 39.15
3504 39.15
3505 39.15
3506 39.15
3507 39.15
3508 39.15
3509 39.15
3510 39.15
3511 39.14
3512 39.14
3513 39.15
3514 39.15
3515 39.15
3516 39.14
3517 39.14
3518 39.14
3519 39.15
3520 39.16
3521 39.15
3522 39.14
3523 39.15
3524 39.15
3525 39.15
3526 39.15
3527 39.15
3528 39.15
3529 39.16
3530 39.15
3531 39.15
3532 39.14
3533 39.14
3534 39.15
3535 39.16
3536 39.15
3537 39.13
3538 39.15
3539 39.15
3540 39.16
3541 39.14
3542 39.15
3543 39.16
3544 39.16
3545 39.15
3546 39.14
3547 39.15
3548 39.16
3549 39.15
3550 39.15
3551 39.15
3552 39.16
3553 39.15
3554 39.15
3555 39.16
3556 39.14
3557 39.15
3558 39.15
3559 39.15
3560 39.15
3561 39.16
3562 39.15
3563 39.15
3564 39.16
3565 39.15
3566 39.15
3567 39.15
3568 39.16
3569 39.16
3570 39.15
3571 39.15
3572 39.15
3573 39.15
3574 39.15
3575 39.16
3576 39.16
3577 39.15
3578 39.15
3579 39.15
3580 39.15
3581 39.16
3582 39.16
3583 39.14
3584 39.15
3585 39.14
3586 39.15
3587 39.15
3588 39.14
3589 39.15
3590 39.14
3591 39.15
3592 39.15
3593 39.15
3594 39.14
3595 39.15
3596 39.16
3597 39.15
3598 39.16
3599 39.16
3600 39.15
3601 39.15
3602 39.15
3603 39.14
3604 39.15
3605 39.15
3606 39.16
3607 39.15
3608 39.16
3609 39.15
3610 39.15
3611 39.15
3612 39.16
3613 39.15
3614 39.15
3615 39.15
3616 39.15
3617 39.15
3618 39.11
3619 39.15
3620 39.16
3621 39.16
3622 39.16
3623 39.16
3624 39.15
3625 39.16
3626 39.16
3627 39.16
3628 39.15
3629 39.16
3630 39.15
3631 39.15
3632 39.15
3633 39.15
3634 39.16
3635 39.16
3636 39.16
3637 39.16
3638 39.16
3639 39.16
3640 39.15
3641 39.16
3642 39.15
3643 39.16
3644 39.16
3645 39.16
3646 39.15
3647 39.15
3648 39.16
3649 39.15
3650 39.15
3651 39.16
3652 39.15
3653 39.16
3654 39.15
3655 39.16
3656 39.16
3657 39.15
3658 39.16
3659 39.16
3660 39.16
3661 39.15
3662 39.16
3663 39.16
3664 39.16
3665 39.15
3666 39.16
3667 39.16
3668 39.15
3669 39.16
3670 39.16
3671 39.16
3672 39.16
3673 39.16
3674 39.16
3675 39.16
3676 39.16
3677 39.16
3678 39.16
3679 39.16
3680 39.16
3681 39.16
3682 39.15
3683 39.15
3684 39.15
3685 39.16
3686 39.15
3687 39.16
3688 39.16
3689 39.15
3690 39.16
3691 39.15
3692 39.16
3693 39.16
3694 39.16
3695 39.15
3696 39.16
3697 39.15
3698 39.16
3699 39.16
3700 39.16
3701 39.16
3702 39.16
3703 39.15
3704 39.16
3705 39.16
3706 39.16
3707 39.16
3708 39.16
3709 39.16
3710 39.16
3711 39.16
3712 39.15
3713 39.16
3714 39.16
3715 39.16
3716 39.15
3717 39.16
3718 39.16
3719 39.16
3720 39.16
3721 39.16
3722 39.16
3723 39.16
3724 39.15
3725 39.15
3726 39.15
3727 39.16
3728 39.15
3729 39.15
3730 39.16
3731 39.15
3732 39.16
3733 39.16
3734 39.16
3735 39.16
3736 39.16
3737 39.16
3738 39.16
3739 39.15
3740 39.16
3741 39.16
3742 39.16
3743 39.16
3744 39.16
3745 39.16
3746 39.16
3747 39.16
3748 39.16
3749 39.16
3750 39.16
3751 39.16
3752 39.16
3753 39.16
3754 39.15
3755 39.16
3756 39.16
3757 39.16
3758 39.16
3759 39.16
3760 39.16
3761 39.16
3762 39.16
3763 39.16
3764 39.16
3765 39.15
3766 39.16
3767 39.16
3768 39.16
3769 39.15
3770 39.16
3771 39.16
3772 39.16
3773 39.16
3774 39.16
3775 39.16
3776 39.16
3777 39.16
3778 39.16
3779 39.16
3780 39.16
3781 39.15
3782 39.16
3783 39.16
3784 39.16
3785 39.16
3786 39.16
3787 39.16
3788 39.16
3789 39.16
3790 39.16
3791 39.16
3792 39.16
3793 39.16
3794 39.16
3795 39.16
3796 39.15
3797 39.16
3798 39.16
3799 39.16
3800 39.16
3801 39.16
3802 39.16
3803 39.16
3804 39.16
3805 39.16
3806 39.16
3807 39.16
3808 39.16
3809 39.16
3810 39.16
3811 39.16
3812 39.15
3813 39.15
3814 39.16
3815 39.16
3816 39.16
3817 39.16
3818 39.16
3819 39.16
3820 39.16
3821 39.15
3822 39.16
3823 39.16
3824 39.16
3825 39.15
3826 39.16
3827 39.16
3828 39.17
3829 39.16
3830 39.16
3831 39.16
3832 39.16
3833 39.15
3834 39.15
3835 39.16
3836 39.16
3837 39.16
3838 39.16
3839 39.16
3840 39.16
3841 39.16
3842 39.16
3843 39.16
3844 39.16
3845 39.16
3846 39.16
3847 39.16
3848 39.16
3849 39.16
3850 39.16
3851 39.16
3852 39.16
3853 39.16
3854 39.16
3855 39.16
3856 39.16
3857 39.16
3858 39.16
3859 39.16
3860 39.16
3861 39.16
3862 39.16
3863 39.16
3864 39.16
3865 39.16
3866 39.16
3867 39.16
3868 39.16
3869 39.16
3870 39.16
3871 39.16
3872 39.16
3873 39.16
3874 39.16
3875 39.16
3876 39.16
3877 39.16
3878 39.16
3879 39.16
3880 39.15
3881 39.16
3882 39.16
3883 39.16
3884 39.16
3885 39.16
3886 39.16
3887 39.16
3888 39.17
3889 39.16
3890 39.16
3891 39.16
3892 39.16
3893 39.16
3894 39.16
3895 39.16
3896 39.16
3897 39.16
3898 39.16
3899 39.16
3900 39.16
3901 39.16
3902 39.16
3903 39.16
3904 39.16
3905 39.16
3906 39.16
3907 39.16
3908 39.16
3909 39.16
3910 39.16
3911 39.16
3912 39.16
3913 39.16
3914 39.16
3915 39.16
3916 39.16
3917 39.16
3918 39.16
3919 39.16
3920 39.16
3921 39.16
3922 39.16
3923 39.16
3924 39.16
3925 39.15
3926 39.17
3927 39.16
3928 39.16
3929 39.16
3930 39.16
3931 39.16
3932 39.16
3933 39.16
3934 39.16
3935 39.16
3936 39.16
3937 39.16
3938 39.16
3939 39.16
3940 39.16
3941 39.16
3942 39.16
3943 39.16
3944 39.16
3945 39.16
3946 39.16
3947 39.16
3948 39.16
3949 39.16
3950 39.16
3951 39.16
3952 39.16
3953 39.16
3954 39.16
3955 39.16
3956 39.16
3957 39.16
3958 39.16
3959 39.16
3960 39.16
3961 39.16
3962 39.16
3963 39.17
3964 39.16
3965 39.16
3966 39.16
3967 39.16
3968 39.16
3969 39.16
3970 39.16
3971 39.16
3972 39.16
3973 39.16
3974 39.16
3975 39.16
3976 39.16
3977 39.16
3978 39.16
3979 39.16
3980 39.16
3981 39.16
3982 39.16
3983 39.16
3984 39.16
3985 39.16
3986 39.16
3987 39.16
3988 39.16
3989 39.16
3990 39.16
3991 39.16
3992 39.16
3993 39.16
3994 39.16
3995 39.16
3996 39.16
3997 39.16
3998 39.16
3999 39.16
4000 39.16
4001 39.16
4002 39.16
4003 39.16
4004 39.16
4005 39.16
4006 39.16
4007 39.16
4008 39.17
4009 39.16
4010 39.16
4011 39.15
4012 39.16
4013 39.16
4014 39.16
4015 39.16
4016 39.16
4017 39.16
4018 39.16
4019 39.16
4020 39.16
4021 39.16
4022 39.16
4023 39.16
4024 39.16
4025 39.16
4026 39.16
4027 39.16
4028 39.16
4029 39.16
4030 39.16
4031 39.16
4032 39.16
4033 39.16
4034 39.16
4035 39.16
4036 39.16
4037 39.16
4038 39.16
4039 39.16
4040 39.16
4041 39.16
4042 39.16
4043 39.16
4044 39.16
4045 39.16
4046 39.16
4047 39.16
4048 39.16
4049 39.16
4050 39.16
4051 39.16
4052 39.16
4053 39.16
4054 39.16
4055 39.16
4056 39.16
4057 39.16
4058 39.16
4059 39.16
4060 39.16
4061 39.16
4062 39.16
4063 39.16
4064 39.16
4065 39.16
4066 39.16
4067 39.16
4068 39.17
4069 39.16
4070 39.16
4071 39.16
4072 39.16
4073 39.16
4074 39.16
4075 39.16
4076 39.16
4077 39.16
4078 39.16
4079 39.16
4080 39.16
4081 39.16
4082 39.16
4083 39.16
4084 39.16
4085 39.16
4086 39.16
4087 39.16
4088 39.17
4089 39.16
4090 39.16
4091 39.16
4092 39.16
4093 39.16
4094 39.16
4095 39.16
4096 39.16
4097 39.16
4098 39.16
4099 39.16
4100 39.16
4101 39.16
4102 39.16
4103 39.16
4104 39.16
4105 39.16
4106 39.16
4107 39.16
4108 39.16
4109 39.16
4110 39.16
4111 39.16
4112 39.16
4113 39.16
4114 39.16
4115 39.16
4116 39.16
4117 39.16
4118 39.16
4119 39.16
4120 39.16
4121 39.16
4122 39.16
4123 39.16
4124 39.16
4125 39.16
4126 39.16
4127 39.16
4128 39.16
4129 39.17
4130 39.16
4131 39.16
4132 39.17
4133 39.16
4134 39.16
4135 39.16
4136 39.16
4137 39.16
4138 39.16
4139 39.16
4140 39.16
4141 39.16
4142 39.16
4143 39.16
4144 39.16
4145 39.16
4146 39.17
4147 39.16
4148 39.16
4149 39.16
4150 39.17
4151 39.16
4152 39.16
4153 39.16
4154 39.17
4155 39.16
4156 39.16
4157 39.17
4158 39.16
4159 39.16
4160 39.16
4161 39.17
4162 39.16
4163 39.16
4164 39.17
4165 39.16
4166 39.16
4167 39.16
4168 39.16
4169 39.16
4170 39.16
4171 39.17
4172 39.16
4173 39.16
4174 39.16
4175 39.16
4176 39.16
4177 39.16
4178 39.16
4179 39.16
4180 39.16
4181 39.16
4182 39.16
4183 39.16
4184 39.16
4185 39.16
4186 39.17
4187 39.17
4188 39.16
4189 39.16
4190 39.16
4191 39.16
4192 39.16
4193 39.16
4194 39.16
4195 39.16
4196 39.16
4197 39.16
4198 39.16
4199 39.17
4200 39.16
4201 39.16
4202 39.16
4203 39.16
4204 39.16
4205 39.16
4206 39.16
4207 39.17
4208 39.16
4209 39.16
4210 39.16
4211 39.16
4212 39.17
4213 39.17
4214 39.16
4215 39.16
4216 39.16
4217 39.16
4218 39.17
4219 39.16
4220 39.16
4221 39.16
4222 39.16
4223 39.16
4224 39.17
4225 39.16
4226 39.16
4227 39.17
4228 39.16
4229 39.16
4230 39.16
4231 39.17
4232 39.16
4233 39.16
4234 39.17
4235 39.16
4236 39.16
4237 39.16
4238 39.16
4239 39.16
4240 39.16
4241 39.16
4242 39.16
4243 39.16
4244 39.16
4245 39.16
4246 39.16
4247 39.16
4248 39.16
4249 39.16
4250 39.16
4251 39.16
4252 39.17
4253 39.16
4254 39.16
4255 39.16
4256 39.16
4257 39.16
4258 39.16
4259 39.17
4260 39.16
4261 39.16
4262 39.17
4263 39.17
4264 39.16
4265 39.16
4266 39.16
4267 39.17
4268 39.16
4269 39.16
4270 39.16
4271 39.17
4272 39.16
4273 39.16
4274 39.16
4275 39.16
4276 39.17
4277 39.16
4278 39.17
4279 39.16
4280 39.17
4281 39.16
4282 39.16
4283 39.17
4284 39.16
4285 39.16
4286 39.16
4287 39.16
4288 39.16
4289 39.16
4290 39.16
4291 39.16
4292 39.16
4293 39.16
4294 39.16
4295 39.16
4296 39.16
4297 39.16
4298 39.16
4299 39.16
4300 39.17
4301 39.16
4302 39.16
4303 39.16
4304 39.17
4305 39.16
4306 39.16
4307 39.16
4308 39.16
4309 39.16
4310 39.16
4311 39.16
4312 39.16
4313 39.17
4314 39.16
4315 39.16
4316 39.17
4317 39.16
4318 39.16
4319 39.16
4320 39.17
4321 39.17
4322 39.16
4323 39.16
4324 39.16
4325 39.16
4326 39.16
4327 39.17
4328 39.17
4329 39.16
4330 39.17
4331 39.16
4332 39.16
4333 39.17
4334 39.16
4335 39.16
4336 39.16
4337 39.16
4338 39.16
4339 39.16
4340 39.16
4341 39.16
4342 39.16
4343 39.17
4344 39.16
4345 39.17
4346 39.16
4347 39.17
4348 39.17
4349 39.16
4350 39.16
4351 39.16
4352 39.17
4353 39.16
4354 39.17
4355 39.16
4356 39.16
4357 39.16
4358 39.17
4359 39.17
4360 39.17
4361 39.16
4362 39.16
4363 39.16
4364 39.17
4365 39.16
4366 39.17
4367 39.16
4368 39.16
4369 39.17
4370 39.17
4371 39.16
4372 39.17
4373 39.17
4374 39.16
4375 39.16
4376 39.16
4377 39.16
4378 39.16
4379 39.16
4380 39.16
4381 39.16
4382 39.16
4383 39.17
4384 39.17
4385 39.16
4386 39.16
4387 39.16
4388 39.17
4389 39.16
4390 39.16
4391 39.16
4392 39.16
4393 39.16
4394 39.16
4395 39.17
4396 39.16
4397 39.17
4398 39.17
4399 39.16
4400 39.17
4401 39.16
4402 39.17
4403 39.16
4404 39.17
4405 39.16
4406 39.17
4407 39.17
4408 39.17
4409 39.17
4410 39.16
4411 39.17
4412 39.17
4413 39.17
4414 39.17
4415 39.16
4416 39.16
4417 39.17
4418 39.17
4419 39.16
4420 39.16
4421 39.16
4422 39.17
4423 39.16
4424 39.16
4425 39.17
4426 39.17
4427 39.16
4428 39.17
4429 39.16
4430 39.17
4431 39.16
4432 39.17
4433 39.16
4434 39.16
4435 39.17
4436 39.16
4437 39.17
4438 39.17
4439 39.17
4440 39.17
4441 39.16
4442 39.16
4443 39.16
4444 39.16
4445 39.17
4446 39.16
4447 39.16
4448 39.17
4449 39.16
4450 39.16
4451 39.17
4452 39.16
4453 39.16
4454 39.17
4455 39.17
4456 39.16
4457 39.17
4458 39.16
4459 39.17
4460 39.17
4461 39.17
4462 39.16
4463 39.17
4464 39.16
4465 39.17
4466 39.17
4467 39.16
4468 39.17
4469 39.16
4470 39.16
4471 39.16
4472 39.16
4473 39.18
4474 39.17
4475 39.16
4476 39.16
4477 39.17
4478 39.17
4479 39.17
4480 39.16
4481 39.16
4482 39.16
4483 39.17
4484 39.17
4485 39.17
4486 39.16
4487 39.17
4488 39.17
4489 39.16
4490 39.16
4491 39.17
4492 39.16
4493 39.17
4494 39.16
4495 39.16
4496 39.16
4497 39.17
4498 39.16
4499 39.17
4500 39.17
4501 39.17
4502 39.17
4503 39.16
4504 39.16
4505 39.17
4506 39.16
4507 39.17
4508 39.17
4509 39.16
4510 39.17
4511 39.16
4512 39.16
4513 39.17
4514 39.17
4515 39.17
4516 39.17
4517 39.16
4518 39.17
4519 39.16
4520 39.16
4521 39.16
4522 39.16
4523 39.17
4524 39.16
4525 39.17
4526 39.16
4527 39.16
4528 39.17
4529 39.17
4530 39.17
4531 39.16
4532 39.16
4533 39.17
4534 39.17
4535 39.17
4536 39.16
4537 39.17
4538 39.16
4539 39.17
4540 39.16
4541 39.17
4542 39.17
4543 39.17
4544 39.16
4545 39.17
4546 39.17
4547 39.17
4548 39.17
4549 39.17
4550 39.17
4551 39.17
4552 39.16
4553 39.17
4554 39.17
4555 39.16
4556 39.17
4557 39.17
4558 39.16
4559 39.16
4560 39.16
4561 39.17
4562 39.17
4563 39.16
4564 39.17
4565 39.18
4566 39.17
4567 39.17
4568 39.17
4569 39.16
4570 39.17
4571 39.17
4572 39.16
4573 39.17
4574 39.17
4575 39.17
4576 39.17
4577 39.16
4578 39.16
4579 39.16
4580 39.17
4581 39.16
4582 39.16
4583 39.16
4584 39.16
4585 39.17
4586 39.17
4587 39.17
4588 39.16
4589 39.16
4590 39.16
4591 39.17
4592 39.16
4593 39.17
4594 39.17
4595 39.17
4596 39.17
4597 39.17
4598 39.17
4599 39.17
4600 39.17
4601 39.17
4602 39.16
4603 39.17
4604 39.17
4605 39.17
4606 39.17
4607 39.17
4608 39.17
4609 39.17
4610 39.17
4611 39.16
4612 39.16
4613 39.17
4614 39.17
4615 39.17
4616 39.17
4617 39.18
4618 39.17
4619 39.17
4620 39.17
4621 39.17
4622 39.18
4623 39.17
4624 39.16
4625 39.16
4626 39.16
4627 39.17
4628 39.16
4629 39.16
4630 39.18
4631 39.17
4632 39.17
4633 39.17
4634 39.17
4635 39.16
4636 39.16
4637 39.16
4638 39.17
4639 39.17
4640 39.17
4641 39.17
4642 39.17
4643 39.17
4644 39.17
4645 39.16
4646 39.17
4647 39.16
4648 39.17
4649 39.17
4650 39.16
4651 39.17
4652 39.16
4653 39.16
4654 39.16
4655 39.17
4656 39.17
4657 39.17
4658 39.17
4659 39.16
4660 39.17
4661 39.16
4662 39.17
4663 39.16
4664 39.17
4665 39.16
4666 39.16
4667 39.16
4668 39.17
4669 39.16
4670 39.16
4671 39.17
4672 39.16
4673 39.17
4674 39.17
4675 39.17
4676 39.16
4677 39.16
4678 39.16
4679 39.17
4680 39.16
4681 39.17
4682 39.16
4683 39.17
4684 39.16
4685 39.16
4686 39.16
4687 39.16
4688 39.16
4689 39.17
4690 39.16
4691 39.16
4692 39.17
4693 39.17
4694 39.16
4695 39.16
4696 39.16
4697 39.17
4698 39.16
4699 39.17
4700 39.17
4701 39.17
4702 39.17
4703 39.16
4704 39.19
4705 39.17
4706 39.17
4707 39.17
4708 39.17
4709 39.17
4710 39.18
4711 39.17
4712 39.17
4713 39.17
4714 39.16
4715 39.17
4716 39.16
4717 39.16
4718 39.17
4719 39.17
4720 39.16
4721 39.16
4722 39.17
4723 39.16
4724 39.16
4725 39.17
4726 39.17
4727 39.17
4728 39.17
4729 39.17
4730 39.17
4731 39.16
4732 39.17
4733 39.17
4734 39.17
4735 39.17
4736 39.17
4737 39.17
4738 39.16
4739 39.16
4740 39.17
4741 39.17
4742 39.17
4743 39.17
4744 39.17
4745 39.17
4746 39.16
4747 39.17
4748 39.16
4749 39.16
4750 39.16
4751 39.16
4752 39.17
4753 39.16
4754 39.16
4755 39.16
4756 39.17
4757 39.17
4758 39.17
4759 39.17
4760 39.18
4761 39.17
4762 39.17
4763 39.16
4764 39.17
4765 39.16
4766 39.17
4767 39.17
4768 39.17
4769 39.16
4770 39.16
4771 39.17
4772 39.16
4773 39.17
4774 39.17
4775 39.17
4776 39.17
4777 39.16
4778 39.17
4779 39.17
4780 39.17
4781 39.17
4782 39.17
4783 39.16
4784 39.16
4785 39.16
4786 39.17
4787 39.17
4788 39.18
4789 39.17
4790 39.16
4791 39.17
4792 39.17
4793 39.16
4794 39.17
4795 39.17
4796 39.16
4797 39.17
4798 39.17
4799 39.17
4800 39.17
4801 39.17
4802 39.16
4803 39.17
4804 39.17
4805 39.18
4806 39.18
4807 39.17
4808 39.16
4809 39.17
4810 39.17
4811 39.16
4812 39.17
4813 39.17
4814 39.16
4815 39.16
4816 39.17
4817 39.16
4818 39.17
4819 39.17
4820 39.17
4821 39.17
4822 39.17
4823 39.17
4824 39.16
4825 39.16
4826 39.17
4827 39.17
4828 39.16
4829 39.17
4830 39.17
4831 39.17
4832 39.17
4833 39.17
4834 39.18
4835 39.17
4836 39.18
4837 39.17
4838 39.16
4839 39.17
4840 39.17
4841 39.17
4842 39.17
4843 39.17
4844 39.17
4845 39.16
4846 39.16
4847 39.17
4848 39.17
4849 39.16
4850 39.17
4851 39.16
4852 39.17
4853 39.17
4854 39.16
4855 39.17
4856 39.16
4857 39.17
4858 39.16
4859 39.17
4860 39.17
4861 39.16
4862 39.16
4863 39.16
4864 39.17
4865 39.16
4866 39.17
4867 39.16
4868 39.16
4869 39.17
4870 39.16
4871 39.17
4872 39.16
4873 39.17
4874 39.17
4875 39.17
4876 39.17
4877 39.16
4878 39.17
4879 39.16
4880 39.17
4881 39.16
4882 39.16
4883 39.16
4884 39.17
4885 39.16
4886 39.17
4887 39.16
4888 39.16
4889 39.17
4890 39.17
4891 39.16
4892 39.17
4893 39.17
4894 39.17
4895 39.17
4896 39.17
4897 39.17
4898 39.17
4899 39.17
4900 39.17
4901 39.17
4902 39.17
4903 39.17
4904 39.18
4905 39.17
4906 39.17
4907 39.17
4908 39.17
4909 39.17
4910 39.17
4911 39.17
4912 39.16
4913 39.17
4914 39.17
4915 39.16
4916 39.18
4917 39.17
4918 39.17
4919 39.18
4920 39.17
4921 39.17
4922 39.16
4923 39.17
4924 39.17
4925 39.17
4926 39.16
4927 39.17
4928 39.16
4929 39.17
4930 39.17
4931 39.17
4932 39.17
4933 39.17
4934 39.16
4935 39.17
4936 39.16
4937 39.17
4938 39.16
4939 39.17
4940 39.16
4941 39.17
4942 39.17
4943 39.16
4944 39.17
4945 39.16
4946 39.16
4947 39.17
4948 39.16
4949 39.16
4950 39.16
4951 39.17
4952 39.17
4953 39.18
4954 39.16
4955 39.17
4956 39.17
4957 39.17
4958 39.17
4959 39.16
4960 39.17
4961 39.17
4962 39.17
4963 39.16
4964 39.17
4965 39.16
4966 39.17
4967 39.16
4968 39.17
4969 39.16
4970 39.16
4971 39.16
4972 39.17
4973 39.16
4974 39.17
4975 39.17
4976 39.17
4977 39.17
4978 39.16
4979 39.17
4980 39.17
4981 39.16
4982 39.17
4983 39.17
4984 39.19
4985 39.17
4986 39.17
4987 39.16
4988 39.17
4989 39.17
4990 39.17
4991 39.17
4992 39.17
4993 39.17
4994 39.17
4995 39.17
4996 39.16
4997 39.17
4998 39.17
4999 39.17
5000 39.16
5001 39.17
5002 39.17
5003 39.17
5004 39.17
5005 39.17
5006 39.17
5007 39.17
5008 39.16
5009 39.17
5010 39.17
5011 39.16
5012 39.17
5013 39.17
5014 39.17
5015 39.17
5016 39.17
5017 39.16
5018 39.17
5019 39.17
5020 39.17
5021 39.16
5022 39.17
5023 39.17
5024 39.16
5025 39.18
5026 39.17
5027 39.17
5028 39.17
5029 39.16
5030 39.17
5031 39.16
5032 39.16
5033 39.16
5034 39.17
5035 39.17
5036 39.17
5037 39.16
5038 39.16
5039 39.16
5040 39.17
5041 39.17
5042 39.16
5043 39.16
5044 39.17
5045 39.17
5046 39.17
5047 39.17
5048 39.16
5049 39.16
5050 39.16
5051 39.16
5052 39.17
5053 39.16
5054 39.17
5055 39.17
5056 39.17
5057 39.16
5058 39.17
5059 39.17
5060 39.16
5061 39.17
5062 39.17
5063 39.16
5064 39.17
5065 39.17
5066 39.16
5067 39.16
5068 39.16
5069 39.16
5070 39.16
5071 39.17
5072 39.17
5073 39.16
5074 39.17
5075 39.16
5076 39.16
5077 39.17
5078 39.17
5079 39.16
5080 39.16
5081 39.16
5082 39.17
5083 39.17
5084 39.16
5085 39.17
5086 39.16
5087 39.16
5088 39.16
5089 39.17
5090 39.17
5091 39.16
5092 39.16
5093 39.17
5094 39.16
5095 39.17
5096 39.16
5097 39.17
5098 39.18
5099 39.17
5100 39.17
5101 39.17
5102 39.17
5103 39.16
5104 39.17
5105 39.16
5106 39.16
5107 39.16
5108 39.17
5109 39.17
5110 39.17
5111 39.18
5112 39.17
5113 39.17
5114 39.16
5115 39.17
5116 39.16
5117 39.17
5118 39.17
5119 39.17
5120 39.17
5121 39.16
5122 39.17
5123 39.17
5124 39.17
5125 39.16
5126 39.17
5127 39.17
5128 39.16
5129 39.17
5130 39.17
5131 39.16
5132 39.17
5133 39.17
5134 39.17
5135 39.17
5136 39.17
5137 39.17
5138 39.17
5139 39.17
5140 39.16
5141 39.17
5142 39.17
5143 39.16
5144 39.17
5145 39.16
5146 39.16
5147 39.17
5148 39.17
5149 39.16
5150 39.17
5151 39.16
5152 39.16
5153 39.17
5154 39.17
5155 39.19
5156 39.17
5157 39.17
5158 39.16
5159 39.17
5160 39.17
5161 39.17
5162 39.17
5163 39.16
5164 39.18
5165 39.17
5166 39.17
5167 39.17
5168 39.17
5169 39.17
5170 39.17
5171 39.16
5172 39.17
5173 39.16
5174 39.16
5175 39.17
5176 39.17
5177 39.17
5178 39.17
5179 39.17
5180 39.17
5181 39.17
5182 39.17
5183 39.17
5184 39.17
5185 39.17
5186 39.17
5187 39.17
5188 39.17
5189 39.17
5190 39.18
5191 39.18
5192 39.17
5193 39.17
5194 39.17
5195 39.17
5196 39.16
5197 39.16
5198 39.18
5199 39.17
5200 39.16
5201 39.17
5202 39.17
5203 39.16
5204 39.17
5205 39.16
5206 39.17
5207 39.17
5208 39.17
5209 39.17
5210 39.17
5211 39.16
5212 39.17
5213 39.17
5214 39.17
5215 39.17
5216 39.16
5217 39.17
5218 39.17
5219 39.17
5220 39.17
5221 39.17
5222 39.17
5223 39.17
5224 39.17
5225 39.17
5226 39.17
5227 39.17
5228 39.17
5229 39.17
5230 39.17
5231 39.16
5232 39.17
5233 39.17
5234 39.18
5235 39.19
5236 39.16
5237 39.17
5238 39.17
5239 39.17
5240 39.17
5241 39.17
5242 39.18
5243 39.17
5244 39.17
5245 39.16
5246 39.18
5247 39.16
5248 39.18
5249 39.17
5250 39.17
5251 39.17
5252 39.19
5253 39.17
5254 39.17
5255 39.17
5256 39.19
5257 39.18
5258 39.17
5259 39.17
5260 39.17
5261 39.17
5262 39.17
5263 39.17
5264 39.17
5265 39.18
5266 39.16
5267 39.17
5268 39.16
5269 39.17
5270 39.17
5271 39.16
5272 39.18
5273 39.17
5274 39.17
5275 39.17
5276 39.17
5277 39.16
5278 39.17
5279 39.17
5280 39.17
5281 39.17
5282 39.17
5283 39.16
5284 39.17
5285 39.17
5286 39.18
5287 39.17
5288 39.16
5289 39.16
5290 39.16
5291 39.17
5292 39.17
5293 39.16
5294 39.17
5295 39.17
5296 39.17
5297 39.17
5298 39.17
5299 39.17
5300 39.16
5301 39.17
5302 39.17
5303 39.16
5304 39.16
5305 39.16
5306 39.17
5307 39.16
5308 39.16
5309 39.17
5310 39.17
5311 39.17
5312 39.16
5313 39.17
5314 39.17
5315 39.17
5316 39.17
5317 39.16
5318 39.17
5319 39.17
5320 39.17
5321 39.17
5322 39.18
5323 39.17
5324 39.17
5325 39.17
5326 39.17
5327 39.17
5328 39.16
5329 39.18
5330 39.16
5331 39.17
5332 39.17
5333 39.17
5334 39.16
5335 39.17
5336 39.17
5337 39.17
5338 39.17
5339 39.16
5340 39.18
5341 39.17
5342 39.17
5343 39.17
5344 39.17
5345 39.17
5346 39.17
5347 39.17
5348 39.17
5349 39.17
5350 39.17
5351 39.17
5352 39.18
5353 39.17
5354 39.18
5355 39.17
5356 39.17
5357 39.16
5358 39.18
5359 39.17
5360 39.16
5361 39.17
5362 39.17
5363 39.16
5364 39.17
5365 39.17
5366 39.17
5367 39.17
5368 39.16
5369 39.16
5370 39.16
5371 39.17
5372 39.16
5373 39.16
5374 39.17
5375 39.17
5376 39.17
5377 39.17
5378 39.16
5379 39.18
5380 39.16
5381 39.16
5382 39.17
5383 39.17
5384 39.17
5385 39.16
5386 39.16
5387 39.17
5388 39.17
5389 39.17
5390 39.17
5391 39.17
5392 39.17
5393 39.16
5394 39.17
5395 39.16
5396 39.17
5397 39.16
5398 39.17
5399 39.18
5400 39.17
5401 39.17
5402 39.17
5403 39.17
5404 39.17
5405 39.16
5406 39.17
5407 39.18
5408 39.17
5409 39.16
5410 39.17
5411 39.17
5412 39.17
5413 39.16
5414 39.17
5415 39.17
5416 39.17
5417 39.17
5418 39.17
5419 39.17
5420 39.17
5421 39.16
5422 39.17
5423 39.17
5424 39.17
5425 39.17
5426 39.17
5427 39.17
5428 39.16
5429 39.17
5430 39.17
5431 39.18
5432 39.17
5433 39.17
5434 39.17
5435 39.17
5436 39.17
5437 39.17
5438 39.17
5439 39.17
5440 39.17
5441 39.17
5442 39.16
5443 39.17
5444 39.16
5445 39.17
5446 39.17
5447 39.17
5448 39.17
5449 39.17
5450 39.17
5451 39.17
5452 39.17
5453 39.16
5454 39.17
5455 39.17
5456 39.17
5457 39.17
5458 39.19
5459 39.17
5460 39.17
5461 39.17
5462 39.17
5463 39.17
5464 39.17
5465 39.17
5466 39.17
5467 39.17
5468 39.16
5469 39.17
5470 39.17
5471 39.17
5472 39.16
5473 39.17
5474 39.17
5475 39.17
5476 39.16
5477 39.16
5478 39.17
5479 39.17
5480 39.17
5481 39.16
5482 39.17
5483 39.18
5484 39.17
5485 39.17
5486 39.17
5487 39.16
5488 39.17
5489 39.16
5490 39.17
5491 39.17
5492 39.17
5493 39.17
5494 39.17
5495 39.18
5496 39.17
5497 39.17
5498 39.18
5499 39.17
5500 39.16
5501 39.17
5502 39.17
5503 39.16
5504 39.16
5505 39.17
5506 39.17
5507 39.17
5508 39.17
5509 39.17
5510 39.17
5511 39.17
5512 39.17
5513 39.16
5514 39.17
5515 39.16
5516 39.17
5517 39.16
5518 39.17
5519 39.17
5520 39.17
5521 39.17
5522 39.17
5523 39.17
5524 39.17
5525 39.17
5526 39.17
5527 39.16
5528 39.17
5529 39.17
5530 39.16
5531 39.17
5532 39.17
5533 39.17
5534 39.17
5535 39.17
5536 39.16
5537 39.16
5538 39.17
5539 39.17
5540 39.17
5541 39.16
5542 39.17
5543 39.17
5544 39.18
5545 39.17
5546 39.17
5547 39.17
5548 39.17
5549 39.16
5550 39.16
5551 39.17
5552 39.19
5553 39.16
5554 39.17
5555 39.17
5556 39.16
5557 39.16
5558 39.16
5559 39.17
5560 39.17
5561 39.16
5562 39.17
5563 39.17
5564 39.17
5565 39.17
5566 39.17
5567 39.16
5568 39.17
5569 39.17
5570 39.17
5571 39.17
5572 39.17
5573 39.16
5574 39.16
5575 39.17
5576 39.16
5577 39.16
5578 39.16
5579 39.17
5580 39.17
5581 39.17
5582 39.17
5583 39.18
5584 39.16
5585 39.17
5586 39.17
5587 39.16
5588 39.16
5589 39.17
5590 39.17
5591 39.17
5592 39.17
5593 39.17
5594 39.17
5595 39.17
5596 39.16
5597 39.16
5598 39.17
5599 39.17
5600 39.17
5601 39.17
5602 39.17
5603 39.17
5604 39.17
5605 39.17
5606 39.17
5607 39.16
5608 39.18
5609 39.17
5610 39.17
5611 39.17
5612 39.17
5613 39.17
5614 39.17
5615 39.18
5616 39.16
5617 39.16
5618 39.17
5619 39.17
5620 39.17
5621 39.17
5622 39.18
5623 39.17
5624 39.17
5625 39.16
5626 39.17
5627 39.17
5628 39.17
5629 39.17
5630 39.16
5631 39.17
5632 39.17
5633 39.17
5634 39.16
5635 39.17
5636 39.16
5637 39.17
5638 39.18
5639 39.17
5640 39.16
5641 39.17
5642 39.17
5643 39.17
5644 39.17
5645 39.17
5646 39.17
5647 39.17
5648 39.18
5649 39.17
5650 39.17
5651 39.17
5652 39.17
5653 39.17
5654 39.17
5655 39.17
5656 39.16
5657 39.17
5658 39.17
5659 39.16
5660 39.18
5661 39.17
5662 39.17
5663 39.16
5664 39.17
5665 39.17
5666 39.17
5667 39.17
5668 39.16
5669 39.16
5670 39.16
5671 39.17
5672 39.16
5673 39.17
5674 39.17
5675 39.17
5676 39.17
5677 39.17
5678 39.17
5679 39.17
5680 39.17
5681 39.17
5682 39.17
5683 39.17
5684 39.17
5685 39.17
5686 39.17
5687 39.17
5688 39.17
5689 39.17
5690 39.17
5691 39.17
5692 39.16
5693 39.17
5694 39.17
5695 39.17
5696 39.17
5697 39.17
5698 39.17
5699 39.16
5700 39.16
5701 39.17
5702 39.17
5703 39.17
5704 39.17
5705 39.17
5706 39.17
5707 39.17
5708 39.16
5709 39.17
5710 39.17
5711 39.16
5712 39.17
5713 39.17
5714 39.17
5715 39.17
5716 39.17
5717 39.17
5718 39.17
5719 39.17
5720 39.17
5721 39.17
5722 39.17
5723 39.17
5724 39.17
5725 39.17
5726 39.16
5727 39.16
5728 39.17
5729 39.17
5730 39.17
5731 39.18
5732 39.17
5733 39.16
5734 39.17
5735 39.17
5736 39.17
5737 39.17
5738 39.17
5739 39.18
5740 39.17
5741 39.18
5742 39.18
5743 39.17
5744 39.18
5745 39.17
5746 39.17
5747 39.17
5748 39.17
5749 39.16
5750 39.17
5751 39.17
5752 39.17
5753 39.17
5754 39.17
5755 39.17
5756 39.18
5757 39.17
5758 39.17
5759 39.17
5760 39.17
5761 39.17
5762 39.17
5763 39.17
5764 39.17
5765 39.17
5766 39.17
5767 39.17
5768 39.16
5769 39.17
5770 39.16
5771 39.18
5772 39.17
5773 39.16
5774 39.17
5775 39.16
5776 39.16
5777 39.17
5778 39.17
5779 39.16
5780 39.17
5781 39.17
5782 39.17
5783 39.18
5784 39.17
5785 39.17
5786 39.17
5787 39.17
5788 39.17
5789 39.16
5790 39.17
5791 39.16
5792 39.16
5793 39.17
5794 39.17
5795 39.18
5796 39.17
5797 39.17
5798 39.17
5799 39.18
5800 39.17
5801 39.17
5802 39.18
5803 39.16
5804 39.17
5805 39.17
5806 39.17
5807 39.17
5808 39.16
5809 39.16
5810 39.17
5811 39.17
5812 39.16
5813 39.17
5814 39.18
5815 39.17
5816 39.18
5817 39.17
5818 39.17
5819 39.16
5820 39.17
5821 39.17
5822 39.17
5823 39.17
5824 39.18
5825 39.16
5826 39.17
5827 39.16
5828 39.17
5829 39.17
5830 39.16
5831 39.16
5832 39.17
5833 39.17
5834 39.17
5835 39.16
5836 39.17
5837 39.17
5838 39.17
5839 39.17
5840 39.17
5841 39.17
5842 39.17
5843 39.17
5844 39.17
5845 39.16
5846 39.17
5847 39.17
5848 39.17
5849 39.17
5850 39.16
5851 39.18
5852 39.17
5853 39.16
5854 39.17
5855 39.17
5856 39.18
5857 39.16
5858 39.17
5859 39.17
5860 39.17
5861 39.18
5862 39.17
5863 39.17
5864 39.17
5865 39.17
5866 39.19
5867 39.17
5868 39.18
5869 39.17
5870 39.17
5871 39.17
5872 39.18
5873 39.17
5874 39.17
5875 39.17
5876 39.18
5877 39.16
5878 39.17
5879 39.17
5880 39.17
5881 39.17
5882 39.16
5883 39.17
5884 39.17
5885 39.17
5886 39.17
5887 39.17
5888 39.16
5889 39.17
5890 39.17
5891 39.16
5892 39.16
5893 39.18
5894 39.17
5895 39.17
5896 39.17
5897 39.17
5898 39.17
5899 39.17
5900 39.17
5901 39.17
5902 39.16
5903 39.16
5904 39.16
5905 39.17
5906 39.16
5907 39.16
5908 39.16
5909 39.17
5910 39.17
5911 39.17
5912 39.17
5913 39.17
5914 39.17
5915 39.16
5916 39.17
5917 39.18
5918 39.16
5919 39.17
5920 39.16
5921 39.17
5922 39.17
5923 39.18
5924 39.16
5925 39.17
5926 39.17
5927 39.17
5928 39.17
5929 39.17
5930 39.17
5931 39.17
5932 39.16
5933 39.17
5934 39.17
5935 39.17
5936 39.16
5937 39.16
5938 39.17
5939 39.16
5940 39.17
5941 39.17
5942 39.17
5943 39.17
5944 39.17
5945 39.17
5946 39.17
5947 39.17
5948 39.17
5949 39.16
5950 39.17
5951 39.17
5952 39.17
5953 39.17
5954 39.17
5955 39.17
5956 39.17
5957 39.17
5958 39.17
5959 39.16
5960 39.17
5961 39.18
5962 39.16
5963 39.17
5964 39.17
5965 39.18
5966 39.17
5967 39.17
5968 39.16
5969 39.17
5970 39.17
5971 39.16
5972 39.17
5973 39.17
5974 39.18
5975 39.16
5976 39.18
5977 39.17
5978 39.18
5979 39.17
5980 39.16
5981 39.16
5982 39.17
5983 39.18
5984 39.17
5985 39.16
5986 39.17
5987 39.18
5988 39.16
5989 39.17
5990 39.17
5991 39.18
5992 39.17
5993 39.17
5994 39.17
5995 39.18
5996 39.17
5997 39.17
5998 39.17
5999 39.19
6000 39.17
6001 39.17
6002 39.17
6003 39.17
6004 39.17
6005 39.18
6006 39.17
6007 39.17
6008 39.17
6009 39.17
6010 39.17
6011 39.17
6012 39.17
6013 39.17
6014 39.17
6015 39.17
6016 39.17
6017 39.17
6018 39.18
6019 39.17
6020 39.17
6021 39.17
6022 39.19
6023 39.17
6024 39.17
6025 39.18
6026 39.18
6027 39.17
6028 39.16
6029 39.18
6030 39.19
6031 39.18
6032 39.18
6033 39.19
6034 39.17
6035 39.17
6036 39.18
6037 39.18
6038 39.17
6039 39.16
6040 39.17
6041 39.17
6042 39.18
6043 39.17
6044 39.17
6045 39.17
6046 39.17
6047 39.18
6048 39.17
6049 39.17
6050 39.18
6051 39.17
6052 39.17
6053 39.20
6054 39.17
6055 39.17
6056 39.19
6057 39.19
6058 39.17
6059 39.18
6060 39.18
6061 39.18
6062 39.17
6063 39.18
6064 39.18
6065 39.17
6066 39.17
6067 39.20
6068 39.16
6069 39.18
6070 39.18
6071 39.18
6072 39.19
6073 39.18
6074 39.17
6075 39.17
6076 39.17
6077 39.17
6078 39.19
6079 39.17
6080 39.17
6081 39.18
6082 39.17
6083 39.16
6084 39.17
6085 39.18
6086 39.19
6087 39.19
6088 39.19
6089 39.17
6090 39.18
6091 39.18
6092 39.18
6093 39.17
6094 39.19
6095 39.18
6096 39.18
6097 39.17
6098 39.18
6099 39.18
6100 39.17
6101 39.17
6102 39.18
6103 39.18
6104 39.17
6105 39.18
6106 39.17
6107 39.17
6108 39.19
6109 39.17
6110 39.17
6111 39.18
6112 39.18
6113 39.17
6114 39.19
6115 39.18
6116 39.18
6117 39.18
6118 39.18
6119 39.17
6120 39.19
6121 39.18
6122 39.18
6123 39.17
6124 39.18
6125 39.18
6126 39.17
6127 39.18
6128 39.19
6129 39.17
6130 39.19
6131 39.18
6132 39.19
6133 39.18
6134 39.19
6135 39.18
6136 39.20
6137 39.17
6138 39.18
6139 39.17
6140 39.17
6141 39.18
6142 39.19
6143 39.18
6144 39.17
6145 39.19
6146 39.18
6147 39.19
6148 39.18
6149 39.17
6150 39.18
6151 39.17
6152 39.18
6153 39.17
6154 39.17
6155 39.17
6156 39.18
6157 39.17
6158 39.19
6159 39.18
6160 39.17
6161 39.17
6162 39.17
6163 39.18
6164 39.18
6165 39.18
6166 39.18
6167 39.18
6168 39.17
6169 39.18
6170 39.19
6171 39.17
6172 39.18
6173 39.18
6174 39.17
6175 39.17
6176 39.17
6177 39.17
6178 39.19
6179 39.18
6180 39.19
6181 39.17
6182 39.19
6183 39.17
6184 39.19
6185 39.17
6186 39.18
6187 39.17
6188 39.18
6189 39.19
6190 39.19
6191 39.18
6192 39.17
6193 39.18
6194 39.19
6195 39.17
6196 39.18
6197 39.17
6198 39.17
6199 39.18
6200 39.17
6201 39.17
6202 39.19
6203 39.17
6204 39.19
6205 39.17
6206 39.18
6207 39.18
6208 39.18
6209 39.17
6210 39.17
6211 39.19
6212 39.19
6213 39.17
6214 39.18
6215 39.17
6216 39.18
6217 39.17
6218 39.19
6219 39.17
6220 39.17
6221 39.17
6222 39.18
6223 39.18
6224 39.17
6225 39.19
6226 39.18
6227 39.18
6228 39.19
6229 39.17
6230 39.17
6231 39.17
6232 39.18
6233 39.17
6234 39.18
6235 39.17
6236 39.18
6237 39.18
6238 39.17
6239 39.17
6240 39.18
6241 39.19
6242 39.17
6243 39.17
6244 39.18
6245 39.17
6246 39.17
6247 39.17
6248 39.18
6249 39.18
6250 39.17
6251 39.19
6252 39.18
6253 39.19
6254 39.18
6255 39.18
6256 39.18
6257 39.17
6258 39.19
6259 39.18
6260 39.17
6261 39.17
6262 39.19
6263 39.18
6264 39.17
6265 39.18
6266 39.18
6267 39.18
6268 39.17
6269 39.18
6270 39.18
6271 39.17
6272 39.19
6273 39.19
6274 39.18
6275 39.18
6276 39.17
6277 39.18
6278 39.18
6279 39.19
6280 39.18
6281 39.19
6282 39.17
6283 39.18
6284 39.17
6285 39.18
6286 39.17
6287 39.17
6288 39.19
6289 39.18
6290 39.19
6291 39.17
6292 39.17
6293 39.18
6294 39.18
6295 39.17
6296 39.17
6297 39.19
6298 39.19
6299 39.17
6300 39.17
6301 39.19
6302 39.17
6303 39.17
6304 39.18
6305 39.17
6306 39.17
6307 39.18
6308 39.17
6309 39.18
6310 39.19
6311 39.18
6312 39.17
6313 39.18
6314 39.17
6315 39.16
6316 39.18
6317 39.18
6318 39.17
6319 39.17
6320 39.17
6321 39.18
6322 39.18
6323 39.17
6324 39.17
6325 39.17
6326 39.17
6327 39.17
6328 39.16
6329 39.17
6330 39.18
6331 39.17
6332 39.17
6333 39.18
6334 39.17
6335 39.17
6336 39.17
6337 39.17
6338 39.17
6339 39.17
6340 39.16
6341 39.17
6342 39.16
6343 39.16
6344 39.17
6345 39.17
6346 39.17
6347 39.17
6348 39.17
6349 39.17
6350 39.17
6351 39.19
6352 39.17
6353 39.17
6354 39.18
6355 39.17
6356 39.17
6357 39.17
6358 39.18
6359 39.17
6360 39.18
6361 39.17
6362 39.18
6363 39.19
6364 39.17
6365 39.17
6366 39.20
6367 39.19
6368 39.17
6369 39.18
6370 39.18
6371 39.17
6372 39.17
6373 39.17
6374 39.19
6375 39.17
6376 39.17
6377 39.17
6378 39.17
6379 39.16
6380 39.18
6381 39.17
6382 39.18
6383 39.17
6384 39.17
6385 39.17
6386 39.20
6387 39.17
6388 39.17
6389 39.17
6390 39.17
6391 39.19
6392 39.17
6393 39.18
6394 39.17
6395 39.17
6396 39.17
6397 39.17
6398 39.17
6399 39.18
6400 39.18
6401 39.17
6402 39.17
6403 39.17
6404 39.16
6405 39.17
6406 39.17
6407 39.16
6408 39.20
6409 39.18
6410 39.18
6411 39.18
6412 39.17
6413 39.19
6414 39.18
6415 39.17
6416 39.17
6417 39.17
6418 39.17
6419 39.17
6420 39.17
6421 39.18
6422 39.17
6423 39.17
6424 39.16
6425 39.17
6426 39.17
6427 39.17
6428 39.17
6429 39.17
6430 39.17
6431 39.17
6432 39.17
6433 39.17
6434 39.17
6435 39.16
6436 39.17
6437 39.17
6438 39.17
6439 39.17
6440 39.17
6441 39.17
6442 39.17
6443 39.17
6444 39.18
6445 39.19
6446 39.17
6447 39.16
6448 39.18
6449 39.17
6450 39.16
6451 39.17
6452 39.18
6453 39.17
6454 39.17
6455 39.17
6456 39.17
6457 39.16
6458 39.17
6459 39.17
6460 39.17
6461 39.17
6462 39.16
6463 39.17
6464 39.17
6465 39.17
6466 39.17
6467 39.17
6468 39.18
6469 39.17
6470 39.17
6471 39.17
6472 39.17
6473 39.17
6474 39.18
6475 39.17
6476 39.17
6477 39.17
6478 39.17
6479 39.17
6480 39.17
6481 39.16
6482 39.17
6483 39.17
6484 39.17
6485 39.16
6486 39.17
6487 39.17
6488 39.17
6489 39.18
6490 39.18
6491 39.17
6492 39.17
6493 39.17
6494 39.17
6495 39.17
6496 39.16
6497 39.17
6498 39.18
6499 39.17
6500 39.17
6501 39.17
6502 39.17
6503 39.17
6504 39.17
6505 39.17
6506 39.17
6507 39.18
6508 39.17
6509 39.17
6510 39.17
6511 39.17
6512 39.16
6513 39.17
6514 39.17
6515 39.17
6516 39.17
6517 39.17
6518 39.17
6519 39.17
6520 39.17
6521 39.17
6522 39.17
6523 39.18
6524 39.18
6525 39.17
6526 39.17
6527 39.18
6528 39.17
6529 39.17
6530 39.18
6531 39.18
6532 39.17
6533 39.17
6534 39.17
6535 39.17
6536 39.17
6537 39.17
6538 39.17
6539 39.17
6540 39.16
6541 39.17
6542 39.17
6543 39.19
6544 39.18
6545 39.17
6546 39.16
6547 39.19
6548 39.16
6549 39.17
6550 39.18
6551 39.17
6552 39.16
6553 39.16
6554 39.17
6555 39.17
6556 39.17
6557 39.17
6558 39.18
6559 39.17
6560 39.18
6561 39.16
6562 39.17
6563 39.17
6564 39.17
6565 39.17
6566 39.17
6567 39.18
6568 39.17
6569 39.17
6570 39.18
6571 39.17
6572 39.17
6573 39.17
6574 39.17
6575 39.17
6576 39.17
6577 39.18
6578 39.18
6579 39.17
6580 39.17
6581 39.17
6582 39.18
6583 39.17
6584 39.17
6585 39.17
6586 39.17
6587 39.17
6588 39.17
6589 39.17
6590 39.17
6591 39.18
6592 39.18
6593 39.17
6594 39.18
6595 39.18
6596 39.17
6597 39.17
6598 39.17
6599 39.17
6600 39.17
6601 39.17
6602 39.18
6603 39.17
6604 39.17
6605 39.18
6606 39.17
6607 39.17
6608 39.17
6609 39.17
6610 39.16
6611 39.18
6612 39.16
6613 39.18
6614 39.16
6615 39.18
6616 39.17
6617 39.17
6618 39.18
6619 39.17
6620 39.17
6621 39.17
6622 39.17
6623 39.17
6624 39.18
6625 39.17
6626 39.17
6627 39.18
6628 39.17
6629 39.17
6630 39.16
6631 39.17
6632 39.18
6633 39.17
6634 39.17
6635 39.17
6636 39.18
6637 39.16
6638 39.17
6639 39.18
6640 39.18
6641 39.16
6642 39.17
6643 39.17
6644 39.17
6645 39.18
6646 39.16
6647 39.17
6648 39.17
6649 39.17
6650 39.17
6651 39.17
6652 39.17
6653 39.17
6654 39.17
6655 39.17
6656 39.17
6657 39.17
6658 39.17
6659 39.16
6660 39.17
6661 39.17
6662 39.17
6663 39.16
6664 39.16
6665 39.17
6666 39.17
6667 39.17
6668 39.17
6669 39.17
6670 39.17
6671 39.17
6672 39.17
6673 39.17
6674 39.16
6675 39.16
6676 39.17
6677 39.17
6678 39.17
6679 39.17
6680 39.17
6681 39.17
6682 39.17
6683 39.17
6684 39.17
6685 39.17
6686 39.17
6687 39.17
6688 39.18
6689 39.18
6690 39.17
6691 39.17
6692 39.18
6693 39.17
6694 39.17
6695 39.18
6696 39.17
6697 39.17
6698 39.17
6699 39.17
6700 39.16
6701 39.16
6702 39.17
6703 39.18
6704 39.17
6705 39.18
6706 39.17
6707 39.17
6708 39.17
6709 39.17
6710 39.17
6711 39.17
6712 39.17
6713 39.17
6714 39.17
6715 39.17
6716 39.17
6717 39.16
6718 39.17
6719 39.16
6720 39.17
6721 39.16
6722 39.17
6723 39.17
6724 39.17
6725 39.17
6726 39.16
6727 39.17
6728 39.16
6729 39.17
6730 39.18
6731 39.16
6732 39.17
6733 39.17
6734 39.17
6735 39.17
6736 39.17
6737 39.17
6738 39.17
6739 39.17
6740 39.17
6741 39.17
6742 39.17
6743 39.17
6744 39.17
6745 39.17
6746 39.17
6747 39.18
6748 39.17
6749 39.17
6750 39.16
6751 39.17
6752 39.17
6753 39.16
6754 39.18
6755 39.17
6756 39.17
6757 39.16
6758 39.16
6759 39.17
6760 39.17
6761 39.16
6762 39.17
6763 39.17
6764 39.16
6765 39.17
6766 39.16
6767 39.17
6768 39.17
6769 39.17
6770 39.16
6771 39.18
6772 39.16
6773 39.17
6774 39.17
6775 39.17
6776 39.17
6777 39.17
6778 39.17
6779 39.18
6780 39.17
6781 39.17
6782 39.17
6783 39.17
6784 39.17
6785 39.17
6786 39.16
6787 39.17
6788 39.17
6789 39.17
6790 39.17
6791 39.17
6792 39.16
6793 39.16
6794 39.17
6795 39.17
6796 39.16
6797 39.16
6798 39.17
6799 39.16
6800 39.16
6801 39.16
6802 39.17
6803 39.17
6804 39.16
6805 39.18
6806 39.17
6807 39.17
6808 39.17
6809 39.18
6810 39.16
6811 39.16
6812 39.16
6813 39.16
6814 39.17
6815 39.16
6816 39.17
6817 39.17
6818 39.17
6819 39.17
6820 39.17
6821 39.17
6822 39.17
6823 39.17
6824 39.16
6825 39.16
6826 39.16
6827 39.16
6828 39.17
6829 39.16
6830 39.17
6831 39.17
6832 39.16
6833 39.17
6834 39.17
6835 39.17
6836 39.17
6837 39.16
6838 39.17
6839 39.17
6840 39.17
6841 39.17
6842 39.18
6843 39.17
6844 39.16
6845 39.17
6846 39.16
6847 39.17
6848 39.17
6849 39.16
6850 39.17
6851 39.16
6852 39.17
6853 39.16
6854 39.16
6855 39.17
6856 39.17
6857 39.17
6858 39.16
6859 39.17
6860 39.17
6861 39.16
6862 39.18
6863 39.17
6864 39.16
6865 39.17
6866 39.17
6867 39.16
6868 39.17
6869 39.16
6870 39.17
6871 39.17
6872 39.16
6873 39.17
6874 39.16
6875 39.17
6876 39.17
6877 39.17
6878 39.17
6879 39.17
6880 39.17
6881 39.16
6882 39.17
6883 39.16
6884 39.17
6885 39.16
6886 39.17
6887 39.16
6888 39.16
6889 39.17
6890 39.17
6891 39.17
6892 39.17
6893 39.17
6894 39.16
6895 39.17
6896 39.16
6897 39.16
6898 39.17
6899 39.16
6900 39.16
6901 39.17
6902 39.17
6903 39.17
6904 39.17
6905 39.16
6906 39.16
6907 39.16
6908 39.16
6909 39.17
6910 39.16
6911 39.16
6912 39.16
6913 39.17
6914 39.17
6915 39.17
6916 39.17
6917 39.16
6918 39.16
6919 39.17
6920 39.16
6921 39.17
6922 39.17
6923 39.17
6924 39.16
6925 39.16
6926 39.16
6927 39.17
6928 39.17
6929 39.17
6930 39.17
6931 39.16
6932 39.17
6933 39.16
6934 39.16
6935 39.16
6936 39.16
6937 39.17
6938 39.17
6939 39.17
6940 39.16
6941 39.17
6942 39.16
6943 39.16
6944 39.17
6945 39.17
6946 39.16
6947 39.16
6948 39.17
6949 39.17
6950 39.16
6951 39.17
6952 39.17
6953 39.17
6954 39.16
6955 39.17
6956 39.17
6957 39.17
6958 39.18
6959 39.16
6960 39.17
6961 39.17
6962 39.17
6963 39.16
6964 39.16
6965 39.16
6966 39.17
6967 39.17
6968 39.16
6969 39.17
6970 39.18
6971 39.17
6972 39.17
6973 39.16
6974 39.17
6975 39.17
6976 39.17
6977 39.17
6978 39.16
6979 39.17
6980 39.16
6981 39.16
6982 39.17
6983 39.17
6984 39.17
6985 39.16
6986 39.17
6987 39.17
6988 39.16
6989 39.16
6990 39.16
6991 39.16
6992 39.17
6993 39.16
6994 39.17
6995 39.17
6996 39.16
6997 39.17
6998 39.17
6999 39.16
7000 39.17
7001 39.16
7002 39.17
7003 39.17
7004 39.16
7005 39.17
7006 39.17
7007 39.16
7008 39.17
7009 39.16
7010 39.16
7011 39.17
7012 39.17
7013 39.16
7014 39.16
7015 39.17
7016 39.17
7017 39.17
7018 39.17
7019 39.17
7020 39.16
7021 39.18
7022 39.17
7023 39.17
7024 39.16
7025 39.17
7026 39.17
7027 39.16
7028 39.17
7029 39.17
7030 39.16
7031 39.16
7032 39.16
7033 39.17
7034 39.17
7035 39.16
7036 39.16
7037 39.17
7038 39.16
7039 39.17
7040 39.17
7041 39.17
7042 39.16
7043 39.16
7044 39.17
7045 39.17
7046 39.17
7047 39.16
7048 39.17
7049 39.16
7050 39.17
7051 39.17
7052 39.17
7053 39.17
7054 39.17
7055 39.17
7056 39.17
7057 39.17
7058 39.16
7059 39.16
7060 39.17
7061 39.17
7062 39.17
7063 39.17
7064 39.16
7065 39.16
7066 39.17
7067 39.17
7068 39.16
7069 39.17
7070 39.17
7071 39.17
7072 39.17
7073 39.17
7074 39.17
7075 39.17
7076 39.17
7077 39.17
7078 39.17
7079 39.17
7080 39.17
7081 39.16
7082 39.16
7083 39.17
7084 39.17
7085 39.17
7086 39.17
7087 39.16
7088 39.17
7089 39.17
7090 39.16
7091 39.16
7092 39.17
7093 39.17
7094 39.17
7095 39.17
7096 39.17
7097 39.16
7098 39.16
7099 39.17
7100 39.17
7101 39.17
7102 39.17
7103 39.17
7104 39.16
7105 39.17
7106 39.17
7107 39.16
7108 39.17
7109 39.17
7110 39.16
7111 39.17
7112 39.17
7113 39.17
7114 39.16
7115 39.17
7116 39.16
7117 39.19
7118 39.17
7119 39.17
7120 39.17
7121 39.17
7122 39.17
7123 39.17
7124 39.17
7125 39.16
7126 39.17
7127 39.17
7128 39.17
7129 39.17
7130 39.16
7131 39.17
7132 39.16
7133 39.17
7134 39.17
7135 39.17
7136 39.17
7137 39.17
7138 39.17
7139 39.16
7140 39.17
7141 39.17
7142 39.17
7143 39.17
7144 39.17
7145 39.16
7146 39.17
7147 39.18
7148 39.17
7149 39.17
7150 39.16
7151 39.17
7152 39.17
7153 39.17
7154 39.17
7155 39.16
7156 39.16
7157 39.16
7158 39.17
7159 39.16
7160 39.17
7161 39.16
7162 39.17
7163 39.17
7164 39.17
7165 39.17
7166 39.17
7167 39.17
7168 39.16
7169 39.16
7170 39.17
7171 39.16
7172 39.17
7173 39.16
7174 39.16
7175 39.17
7176 39.16
7177 39.17
7178 39.16
7179 39.17
7180 39.17
7181 39.16
7182 39.17
7183 39.17
7184 39.16
7185 39.17
7186 39.17
7187 39.17
7188 39.17
7189 39.16
7190 39.16
7191 39.17
7192 39.17
7193 39.17
7194 39.16
7195 39.17
7196 39.17
7197 39.16
7198 39.18
7199 39.17
7200 39.17
7201 39.17
7202 39.17
7203 39.16
7204 39.17
7205 39.17
7206 39.17
7207 39.16
7208 39.16
7209 39.16
7210 39.17
7211 39.17
7212 39.18
7213 39.17
7214 39.17
7215 39.17
7216 39.17
7217 39.17
7218 39.17
7219 39.17
7220 39.16
7221 39.17
7222 39.17
7223 39.17
7224 39.17
7225 39.16
7226 39.17
7227 39.17
7228 39.17
7229 39.17
7230 39.17
7231 39.17
7232 39.17
7233 39.17
7234 39.17
7235 39.17
7236 39.17
7237 39.17
7238 39.17
7239 39.17
7240 39.16
7241 39.17
7242 39.17
7243 39.17
7244 39.17
7245 39.17
7246 39.17
7247 39.17
7248 39.17
7249 39.16
7250 39.17
7251 39.17
7252 39.17
7253 39.17
7254 39.17
7255 39.17
7256 39.17
7257 39.17
7258 39.16
7259 39.17
7260 39.16
7261 39.17
7262 39.18
7263 39.17
7264 39.17
7265 39.18
7266 39.18
7267 39.17
7268 39.17
7269 39.17
7270 39.16
7271 39.16
7272 39.16
7273 39.16
7274 39.16
7275 39.16
7276 39.16
7277 39.17
7278 39.17
7279 39.17
7280 39.17
7281 39.17
7282 39.17
7283 39.17
7284 39.16
7285 39.16
7286 39.16
7287 39.17
7288 39.16
7289 39.17
7290 39.17
7291 39.17
7292 39.17
7293 39.17
7294 39.17
7295 39.18
7296 39.17
7297 39.18
7298 39.18
7299 39.16
7300 39.18
7301 39.16
7302 39.17
7303 39.17
7304 39.17
7305 39.17
7306 39.17
7307 39.17
7308 39.17
7309 39.18
7310 39.18
7311 39.17
7312 39.17
7313 39.17
7314 39.17
7315 39.17
7316 39.17
7317 39.18
7318 39.18
7319 39.16
7320 39.16
7321 39.17
7322 39.17
7323 39.17
7324 39.17
7325 39.17
7326 39.17
7327 39.16
7328 39.17
7329 39.17
7330 39.17
7331 39.17
7332 39.17
7333 39.16
7334 39.17
7335 39.16
7336 39.16
7337 39.17
7338 39.17
7339 39.16
7340 39.17
7341 39.17
7342 39.17
7343 39.17
7344 39.17
7345 39.17
7346 39.17
7347 39.17
7348 39.17
7349 39.18
7350 39.18
7351 39.16
7352 39.16
7353 39.18
7354 39.17
7355 39.17
7356 39.17
7357 39.17
7358 39.17
7359 39.17
7360 39.17
7361 39.16
7362 39.18
7363 39.17
7364 39.17
7365 39.17
7366 39.18
7367 39.17
7368 39.17
7369 39.17
7370 39.17
7371 39.17
7372 39.17
7373 39.17
7374 39.17
7375 39.17
7376 39.18
7377 39.17
7378 39.17
7379 39.18
7380 39.17
7381 39.17
7382 39.16
7383 39.17
7384 39.17
7385 39.16
7386 39.17
7387 39.18
7388 39.17
7389 39.17
7390 39.19
7391 39.17
7392 39.17
7393 39.17
7394 39.17
7395 39.17
7396 39.17
7397 39.17
7398 39.17
7399 39.17
7400 39.19
7401 39.17
7402 39.18
7403 39.17
7404 39.16
7405 39.17
7406 39.17
7407 39.17
7408 39.17
7409 39.17
7410 39.18
7411 39.17
7412 39.16
7413 39.17
7414 39.17
7415 39.17
7416 39.17
7417 39.17
7418 39.17
7419 39.17
7420 39.17
7421 39.17
7422 39.16
7423 39.17
7424 39.17
7425 39.18
7426 39.17
7427 39.18
7428 39.17
7429 39.17
7430 39.17
7431 39.18
7432 39.16
7433 39.16
7434 39.18
7435 39.17
7436 39.17
7437 39.17
7438 39.17
7439 39.17
7440 39.17
7441 39.16
7442 39.17
7443 39.17
7444 39.17
7445 39.19
7446 39.16
7447 39.17
7448 39.17
7449 39.17
7450 39.17
7451 39.17
7452 39.17
7453 39.16
7454 39.16
7455 39.17
7456 39.18
7457 39.17
7458 39.16
7459 39.17
7460 39.17
7461 39.16
7462 39.18
7463 39.17
7464 39.17
7465 39.17
7466 39.17
7467 39.18
7468 39.17
7469 39.17
7470 39.18
7471 39.17
7472 39.17
7473 39.18
7474 39.17
7475 39.17
7476 39.17
7477 39.19
7478 39.17
7479 39.17
7480 39.17
7481 39.17
7482 39.16
7483 39.17
7484 39.16
7485 39.17
7486 39.17
7487 39.16
7488 39.17
7489 39.16
7490 39.17
7491 39.17
7492 39.17
7493 39.17
7494 39.17
7495 39.18
7496 39.17
7497 39.17
7498 39.17
7499 39.17
7500 39.17
7501 39.17
7502 39.17
7503 39.18
7504 39.18
7505 39.17
7506 39.16
7507 39.18
7508 39.17
7509 39.17
7510 39.17
7511 39.18
7512 39.18
7513 39.17
7514 39.16
7515 39.17
7516 39.17
7517 39.17
7518 39.17
7519 39.17
7520 39.16
7521 39.17
7522 39.17
7523 39.17
7524 39.17
7525 39.17
7526 39.17
7527 39.16
7528 39.17
7529 39.18
7530 39.16
7531 39.17
7532 39.16
7533 39.18
7534 39.18
7535 39.17
7536 39.17
7537 39.17
7538 39.17
7539 39.17
7540 39.17
7541 39.17
7542 39.17
7543 39.18
7544 39.17
7545 39.17
7546 39.17
7547 39.17
7548 39.19
7549 39.17
7550 39.18
7551 39.17
7552 39.18
7553 39.17
7554 39.16
7555 39.16
7556 39.17
7557 39.17
7558 39.17
7559 39.17
7560 39.17
7561 39.18
7562 39.17
7563 39.17
7564 39.16
7565 39.17
7566 39.17
7567 39.18
7568 39.17
7569 39.17
7570 39.17
7571 39.17
7572 39.18
7573 39.18
7574 39.17
7575 39.17
7576 39.17
7577 39.18
7578 39.17
7579 39.17
7580 39.19
7581 39.18
7582 39.17
7583 39.17
7584 39.17
7585 39.17
7586 39.16
7587 39.17
7588 39.17
7589 39.17
7590 39.18
7591 39.17
7592 39.17
7593 39.17
7594 39.17
7595 39.18
7596 39.17
7597 39.17
7598 39.17
7599 39.17
7600 39.18
7601 39.17
7602 39.18
7603 39.17
7604 39.17
7605 39.17
7606 39.19
7607 39.17
7608 39.16
7609 39.17
7610 39.17
7611 39.17
7612 39.17
7613 39.17
7614 39.17
7615 39.18
7616 39.17
7617 39.18
7618 39.18
7619 39.18
7620 39.18
7621 39.18
7622 39.18
7623 39.18
7624 39.17
7625 39.17
7626 39.17
7627 39.17
7628 39.18
7629 39.18
7630 39.18
7631 39.19
7632 39.16
7633 39.18
7634 39.17
7635 39.17
7636 39.17
7637 39.18
7638 39.17
7639 39.18
7640 39.19
7641 39.18
7642 39.19
7643 39.18
7644 39.18
7645 39.16
7646 39.17
7647 39.18
7648 39.17
7649 39.17
7650 39.18
7651 39.19
7652 39.17
7653 39.19
7654 39.17
7655 39.17
7656 39.19
7657 39.18
7658 39.17
7659 39.18
7660 39.17
7661 39.17
7662 39.17
7663 39.19
7664 39.17
7665 39.18
7666 39.18
7667 39.18
7668 39.17
7669 39.17
7670 39.19
7671 39.19
7672 39.18
7673 39.17
7674 39.18
7675 39.19
7676 39.18
7677 39.17
7678 39.18
7679 39.19
7680 39.18
7681 39.18
7682 39.18
7683 39.19
7684 39.19
7685 39.18
7686 39.17
7687 39.19
7688 39.17
7689 39.19
7690 39.20
7691 39.18
7692 39.18
7693 39.19
7694 39.19
7695 39.19
7696 39.18
7697 39.17
7698 39.17
7699 39.18
7700 39.18
7701 39.17
7702 39.18
7703 39.18
7704 39.17
7705 39.16
7706 39.17
7707 39.17
7708 39.16
7709 39.15
7710 39.15
7711 39.05
7712 38.97
7713 38.94
7714 38.94
7715 38.91
7716 38.90
7717 38.84
7718 38.75
7719 38.71
7720 38.71
7721 38.70
7722 38.68
7723 38.69
7724 38.61
7725 38.57
7726 38.57
7727 38.52
7728 38.49
7729 38.48
7730 38.48
7731 38.47
7732 38.29
7733 38.24
7734 38.03
7735 37.83
7736 37.66
7737 37.38
7738 37.19
7739 36.91
7740 36.67
7741 36.44
7742 36.15
7743 35.78
7744 35.53
7745 35.09
7746 34.77
7747 34.43
7748 34.19
7749 33.82
7750 33.52
7751 33.19
7752 32.86
7753 32.53
7754 32.22
7755 31.97
7756 31.73
7757 31.37
7758 31.09
7759 30.83
7760 30.53
7761 30.21
7762 29.99
7763 29.76
7764 29.48
7765 29.14
7766 28.89
7767 28.60
7768 28.27
7769 28.02
7770 27.80
7771 27.57
7772 27.34
7773 27.12
7774 26.88
7775 26.65
7776 26.45
7777 26.25
7778 26.05
7779 25.85
7780 25.63
7781 25.43
7782 25.21
7783 25.00
7784 24.79
7785 24.60
7786 24.49
7787 24.32
7788 24.14
7789 23.92
7790 23.72
7791 23.52
7792 23.35
7793 23.25
7794 23.07
7795 22.86
7796 22.67
7797 22.60
7798 22.44
7799 22.24
7800 22.15
7801 22.01
7802 21.81
7803 21.69
7804 21.58
7805 21.38
7806 21.22
7807 21.16
7808 20.96
7809 20.84
7810 20.74
7811 20.54
7812 20.43
7813 20.32
7814 20.14
7815 20.06
7816 19.91
7817 19.75
7818 19.70
7819 19.51
7820 19.45
7821 19.28
7822 19.19
7823 19.07
7824 18.90
7825 18.85
7826 18.67
7827 18.63
7828 18.45
7829 18.33
7830 18.24
7831 18.10
7832 18.04
7833 17.92
7834 17.83
7835 17.78
7836 17.62
7837 17.57
7838 17.42
7839 17.37
7840 17.21
7841 17.19
7842 17.03
7843 17.00
7844 16.90
7845 16.80
7846 16.76
7847 16.59
7848 16.58
7849 16.46
7850 16.38
7851 16.29
7852 16.18
7853 16.15
7854 16.03
7855 15.96
7856 15.83
7857 15.76
7858 15.76
7859 15.73
7860 15.62
7861 15.56
7862 15.55
7863 15.43
7864 15.36
7865 15.30
7866 15.16
7867 15.14
7868 14.97
7869 14.95
7870 14.89
7871 14.75
7872 14.70
7873 14.55
7874 14.53
7875 14.46
7876 14.34
7877 14.33
7878 14.16
7879 14.13
7880 14.09
7881 13.99
7882 13.93
7883 13.93
7884 13.90
7885 13.77
7886 13.72
7887 13.71
7888 13.56
7889 13.52
7890 13.48
7891 13.34
7892 13.33
7893 13.32
7894 13.29
7895 13.20
7896 13.14
7897 13.12
7898 13.07
7899 12.97
7900 12.93
7901 12.91
7902 12.91
7903 12.90
7904 12.90
7905 12.86
7906 12.77
7907 12.71
7908 12.71
7909 12.70
7910 12.66
7911 12.58
7912 12.53
7913 12.51
7914 12.50
7915 12.49
7916 12.41
7917 12.36
7918 12.31
7919 12.31
7920 12.30
7921 12.22
7922 12.11
7923 12.10
7924 12.09
7925 11.98
7926 11.91
7927 11.90
7928 11.89
7929 11.77
7930 11.71
7931 11.69
7932 11.56
7933 11.51
7934 11.51
7935 11.50
7936 11.41
7937 11.33
7938 11.30
7939 11.30
7940 11.27
7941 11.18
7942 11.11
7943 11.10
7944 11.10
7945 11.09
7946 11.03
7947 10.93
7948 10.91
7949 10.90
7950 10.89
7951 10.90
7952 10.89
7953 10.81
7954 10.74
7955 10.70
7956 10.75
7957 10.76
7958 10.71
7959 10.70
7960 10.69
7961 10.55
7962 10.50
7963 10.50
7964 10.51
7965 10.50
7966 10.50
7967 10.45
7968 10.42
7969 10.37
7970 10.32
7971 10.31
7972 10.35
7973 10.31
7974 10.31
7975 10.30
7976 10.25
7977 10.20
7978 10.20
7979 10.12
7980 10.11
7981 10.10
7982 10.10
7983 10.12
7984 10.11
7985 10.11
7986 10.12
7987 10.30
7988 10.31
7989 10.27
7990 10.31
