1 13.68
2 13.69
3 13.74
4 13.92
5 14.04
6 14.17
7 14.34
8 14.54
9 14.74
10 14.95
11 15.33
12 16.84
13 20.56
14 24.82
15 28.70
16 32.19
17 35.10
18 37.56
19 39.35
20 40.25
21 40.94
22 41.92
23 42.89
24 43.79
25 44.70
26 45.40
27 45.90
28 46.34
29 46.81
30 47.28
31 47.76
32 48.23
33 48.65
34 48.98
35 49.39
36 49.64
37 49.88
38 50.03
39 50.14
40 50.36
41 50.51
42 50.60
43 50.74
44 50.83
45 50.89
46 51.06
47 51.08
48 51.19
49 51.30
50 51.32
51 51.40
52 51.51
53 51.56
54 51.56
55 51.68
56 51.78
57 51.79
58 51.81
59 51.91
60 52.00
61 52.03
62 52.04
63 52.08
64 52.19
65 52.25
66 52.27
67 52.28
68 52.33
69 52.40
70 52.49
71 52.51
72 52.51
73 52.53
74 52.60
75 52.66
76 52.73
77 52.75
78 52.76
79 52.76
80 52.79
81 52.87
82 52.94
83 52.99
84 52.99
85 52.99
86 53.01
87 53.05
88 53.15
89 53.18
90 53.21
91 53.23
92 53.24
93 53.25
94 53.29
95 53.36
96 53.42
97 53.46
98 53.46
99 53.48
100 53.49
101 53.49
102 53.49
103 53.57
104 53.63
105 53.68
106 53.71
107 53.72
108 53.72
109 53.72
110 53.73
111 53.75
112 53.81
113 53.90
114 53.92
115 53.96
116 53.96
117 53.96
118 53.96
119 53.97
120 53.99
121 54.04
122 54.05
123 54.11
124 54.16
125 54.18
126 54.20
127 54.20
128 54.20
129 54.20
130 54.21
131 54.24
132 54.24
133 54.27
134 54.31
135 54.39
136 54.42
137 54.43
138 54.43
139 54.44
140 54.44
141 54.45
142 54.45
143 54.45
144 54.47
145 54.47
146 54.52
147 54.56
148 54.62
149 54.65
150 54.67
151 54.67
152 54.68
153 54.68
154 54.68
155 54.68
156 54.68
157 54.69
158 54.69
159 54.70
160 54.70
161 54.71
162 54.78
163 54.81
164 54.83
165 54.87
166 54.86
167 54.89
168 54.91
169 54.92
170 54.92
171 54.92
172 54.93
173 54.92
174 54.93
175 54.94
176 54.94
177 54.94
178 54.96
179 54.96
180 55.00
181 55.04
182 55.05
183 55.07
184 55.09
185 55.12
186 55.15
187 55.15
188 55.17
189 55.16
190 55.16
191 55.17
192 55.17
193 55.17
194 55.17
195 55.17
196 55.17
197 55.17
198 55.18
199 55.18
200 55.20
201 55.19
202 55.22
203 55.25
204 55.21
205 55.26
206 55.29
207 55.29
208 55.34
209 55.32
210 55.39
211 55.37
212 55.38
213 55.38
214 55.40
215 55.41
216 55.41
217 55.41
218 55.41
219 55.41
220 55.41
221 55.41
222 55.42
223 55.43
224 55.41
225 55.41
226 55.42
227 55.43
228 55.44
229 55.43
230 55.43
231 55.45
232 55.46
233 55.46
234 55.47
235 55.50
236 55.49
237 55.52
238 55.55
239 55.59
240 55.57
241 55.61
242 55.61
243 55.62
244 55.62
245 55.63
246 55.63
247 55.64
248 55.66
249 55.65
250 55.64
251 55.65
252 55.66
253 55.66
254 55.66
255 55.66
256 55.65
257 55.66
258 55.66
259 55.66
260 55.66
261 55.66
262 55.66
263 55.66
264 55.66
265 55.67
266 55.67
267 55.68
268 55.67
269 55.69
270 55.68
271 55.69
272 55.71
273 55.70
274 55.72
275 55.73
276 55.74
277 55.73
278 55.74
279 55.76
280 55.76
281 55.79
282 55.80
283 55.81
284 55.80
285 55.81
286 55.83
287 55.84
288 55.88
289 55.85
290 55.88
291 55.86
292 55.87
293 55.88
294 55.88
295 55.89
296 55.89
297 55.89
298 55.89
299 55.90
300 55.89
301 55.90
302 55.90
303 55.90
304 55.90
305 55.90
306 55.90
307 55.90
308 55.90
309 55.90
310 55.90
311 55.90
312 55.90
313 55.90
314 55.90
315 55.91
316 55.90
317 55.91
318 55.91
319 55.91
320 55.91
321 55.92
322 55.90
323 55.91
324 55.91
325 55.92
326 55.93
327 55.93
328 55.94
329 55.96
330 55.93
331 55.95
332 55.94
333 55.98
334 55.96
335 55.99
336 55.96
337 55.97
338 55.98
339 56.02
340 56.04
341 56.03
342 56.01
343 56.06
344 56.05
345 56.03
346 56.07
347 56.06
348 56.08
349 56.08
350 56.09
351 56.12
352 56.09
353 56.10
354 56.09
355 56.09
356 56.10
357 56.10
358 56.12
359 56.12
360 56.12
361 56.14
362 56.12
363 56.13
364 56.12
365 56.13
366 56.14
367 56.14
368 56.14
369 56.13
370 56.14
371 56.14
372 56.14
373 56.14
374 56.14
375 56.15
376 56.14
377 56.14
378 56.14
379 56.14
380 56.14
381 56.14
382 56.14
383 56.14
384 56.15
385 56.14
386 56.15
387 56.14
388 56.15
389 56.14
390 56.15
391 56.14
392 56.15
393 56.14
394 56.15
395 56.15
396 56.15
397 56.15
398 56.15
399 56.15
400 56.16
401 56.15
402 56.16
403 56.16
404 56.16
405 56.15
406 56.17
407 56.16
408 56.17
409 56.19
410 56.16
411 56.18
412 56.17
413 56.18
414 56.18
415 56.17
416 56.19
417 56.20
418 56.21
419 56.18
420 56.23
421 56.19
422 56.21
423 56.21
424 56.22
425 56.25
426 56.22
427 56.24
428 56.25
429 56.25
430 56.25
431 56.25
432 56.29
433 56.28
434 56.26
435 56.27
436 56.27
437 56.30
438 56.31
439 56.32
440 56.29
441 56.32
442 56.33
443 56.31
444 56.34
445 56.31
446 56.34
447 56.33
448 56.34
449 56.34
450 56.34
451 56.34
452 56.37
453 56.35
454 56.37
455 56.36
456 56.37
457 56.37
458 56.37
459 56.37
460 56.35
461 56.37
462 56.37
463 56.38
464 56.37
465 56.37
466 56.39
467 56.38
468 56.38
469 56.37
470 56.38
471 56.38
472 56.38
473 56.37
474 56.38
475 56.39
476 56.38
477 56.38
478 56.39
479 56.38
480 56.39
481 56.38
482 56.39
483 56.39
484 56.39
485 56.39
486 56.39
487 56.39
488 56.39
489 56.39
490 56.39
491 56.39
492 56.39
493 56.39
494 56.39
495 56.39
496 56.39
497 56.39
498 56.38
499 56.39
500 56.39
501 56.39
502 56.39
503 56.39
504 56.39
505 56.39
506 56.39
507 56.39
508 56.39
509 56.39
510 56.40
511 56.39
512 56.39
513 56.40
514 56.40
515 56.39
516 56.39
517 56.40
518 56.40
519 56.40
520 56.41
521 56.40
522 56.40
523 56.41
524 56.41
525 56.40
526 56.41
527 56.40
528 56.40
529 56.42
530 56.41
531 56.42
532 56.43
533 56.44
534 56.42
535 56.43
536 56.43
537 56.43
538 56.44
539 56.46
540 56.47
541 56.45
542 56.44
543 56.46
544 56.48
545 56.46
546 56.46
547 56.47
548 56.49
549 56.46
550 56.47
551 56.50
552 56.50
553 56.48
554 56.48
555 56.51
556 56.51
557 56.53
558 56.55
559 56.49
560 56.53
561 56.52
562 56.51
563 56.53
564 56.56
565 56.57
566 56.53
567 56.52
568 56.55
569 56.55
570 56.54
571 56.56
572 56.56
573 56.59
574 56.55
575 56.58
576 56.55
577 56.58
578 56.58
579 56.60
580 56.59
581 56.60
582 56.59
583 56.59
584 56.62
585 56.58
586 56.62
587 56.60
588 56.61
589 56.61
590 56.60
591 56.60
592 56.59
593 56.60
594 56.61
595 56.60
596 56.62
597 56.62
598 56.63
599 56.62
600 56.62
601 56.61
602 56.61
603 56.62
604 56.62
605 56.63
606 56.63
607 56.63
608 56.62
609 56.63
610 56.62
611 56.63
612 56.62
613 56.62
614 56.62
615 56.63
616 56.63
617 56.63
618 56.63
619 56.63
620 56.63
621 56.63
622 56.63
623 56.63
624 56.63
625 56.63
626 56.63
627 56.62
628 56.63
629 56.63
630 56.63
631 56.63
632 56.63
633 56.63
634 56.63
635 56.63
636 56.63
637 56.63
638 56.63
639 56.63
640 56.63
641 56.63
642 56.63
643 56.63
644 56.63
645 56.63
646 56.63
647 56.63
648 56.64
649 56.63
650 56.63
651 56.63
652 56.63
653 56.63
654 56.63
655 56.63
656 56.63
657 56.64
658 56.63
659 56.63
660 56.63
661 56.64
662 56.64
663 56.64
664 56.64
665 56.63
666 56.64
667 56.64
668 56.63
669 56.64
670 56.64
671 56.64
672 56.65
673 56.64
674 56.63
675 56.65
676 56.65
677 56.63
678 56.67
679 56.64
680 56.65
681 56.66
682 56.66
683 56.67
684 56.65
685 56.65
686 56.65
687 56.65
688 56.65
689 56.68
690 56.66
691 56.66
692 56.67
693 56.69
694 56.66
695 56.67
696 56.67
697 56.70
698 56.67
699 56.66
700 56.69
701 56.69
702 56.68
703 56.70
704 56.69
705 56.68
706 56.70
707 56.70
708 56.70
709 56.70
710 56.69
711 56.71
712 56.72
713 56.72
714 56.72
715 56.71
716 56.70
717 56.74
718 56.72
719 56.73
720 56.73
721 56.75
722 56.76
723 56.73
724 56.75
725 56.72
726 56.76
727 56.76
728 56.75
729 56.74
730 56.78
731 56.77
732 56.77
733 56.78
734 56.75
735 56.79
736 56.80
737 56.79
738 56.78
739 56.76
740 56.80
741 56.84
742 56.79
743 56.79
744 56.80
745 56.80
746 56.80
747 56.82
748 56.82
749 56.82
750 56.81
751 56.82
752 56.84
753 56.82
754 56.84
755 56.86
756 56.84
757 56.84
758 56.85
759 56.84
760 56.85
761 56.85
762 56.85
763 56.84
764 56.86
765 56.86
766 56.86
767 56.82
768 56.86
769 56.86
770 56.86
771 56.85
772 56.85
773 56.86
774 56.85
775 56.86
776 56.86
777 56.85
778 56.87
779 56.85
780 56.85
781 56.86
782 56.86
783 56.86
784 56.86
785 56.87
786 56.87
787 56.87
788 56.87
789 56.87
790 56.86
791 56.87
792 56.87
793 56.86
794 56.87
795 56.87
796 56.87
797 56.87
798 56.87
799 56.87
800 56.87
801 56.87
802 56.87
803 56.87
804 56.87
805 56.87
806 56.87
807 56.87
808 56.87
809 56.87
810 56.87
811 56.87
812 56.87
813 56.87
814 56.87
815 56.87
816 56.87
817 56.87
818 56.87
819 56.87
820 56.87
821 56.87
822 56.87
823 56.87
824 56.87
825 56.88
826 56.87
827 56.88
828 56.87
829 56.89
830 56.88
831 56.87
832 56.88
833 56.87
834 56.88
835 56.88
836 56.88
837 56.88
838 56.87
839 56.87
840 56.87
841 56.87
842 56.88
843 56.87
844 56.88
845 56.88
846 56.89
847 56.88
848 56.88
849 56.88
850 56.88
851 56.87
852 56.89
853 56.88
854 56.89
855 56.88
856 56.88
857 56.88
858 56.87
859 56.88
860 56.88
861 56.88
862 56.89
863 56.88
864 56.88
865 56.88
866 56.88
867 56.89
868 56.90
869 56.89
870 56.89
871 56.91
872 56.89
873 56.89
874 56.88
875 56.90
876 56.90
877 56.89
878 56.91
879 56.89
880 56.89
881 56.91
882 56.89
883 56.90
884 56.91
885 56.89
886 56.91
887 56.91
888 56.90
889 56.90
890 56.90
891 56.89
892 56.92
893 56.92
894 56.90
895 56.93
896 56.93
897 56.92
898 56.91
899 56.93
900 56.94
901 56.94
902 56.93
903 56.96
904 56.91
905 56.93
906 56.94
907 56.96
908 56.96
909 56.96
910 56.96
911 56.95
912 56.94
913 56.95
914 56.95
915 56.94
916 56.95
917 56.98
918 56.98
919 56.99
920 56.98
921 56.95
922 56.98
923 56.97
924 57.00
925 56.97
926 56.98
927 56.99
928 56.98
929 56.99
930 56.99
931 57.01
932 57.01
933 56.98
934 57.02
935 56.99
936 57.02
937 56.99
938 57.04
939 57.03
940 57.04
941 57.02
942 57.02
943 57.03
944 57.04
945 57.03
946 57.05
947 57.04
948 57.04
949 57.05
950 57.04
951 57.05
952 57.06
953 57.07
954 57.04
955 57.06
956 57.05
957 57.08
958 57.04
959 57.07
960 57.07
961 57.04
962 57.08
963 57.05
964 57.08
965 57.08
966 57.08
967 57.06
968 57.11
969 57.09
970 57.09
971 57.09
972 57.09
973 57.10
974 57.07
975 57.08
976 57.11
977 57.10
978 57.11
979 57.09
980 57.10
981 57.10
982 57.10
983 57.11
984 57.09
985 57.11
986 57.08
987 57.09
988 57.10
989 57.09
990 57.11
991 57.10
992 57.10
993 57.09
994 57.12
995 57.10
996 57.11
997 57.11
998 57.12
999 57.11
1000 57.11
1001 57.11
1002 57.12
1003 57.10
1004 57.08
1005 57.11
1006 57.11
1007 57.11
1008 57.10
1009 57.12
1010 57.11
1011 57.12
1012 57.12
1013 57.11
1014 57.11
1015 57.10
1016 57.12
1017 57.12
1018 57.12
1019 57.12
1020 57.12
1021 57.12
1022 57.11
1023 57.12
1024 57.12
1025 57.12
1026 57.12
1027 57.12
1028 57.12
1029 57.11
1030 57.12
1031 57.11
1032 57.12
1033 57.12
1034 57.12
1035 57.12
1036 57.12
1037 57.12
1038 57.12
1039 57.12
1040 57.12
1041 57.12
1042 57.12
1043 57.12
1044 57.12
1045 57.12
1046 57.12
1047 57.12
1048 57.12
1049 57.12
1050 57.12
1051 57.12
1052 57.12
1053 57.12
1054 57.12
1055 57.12
1056 57.12
1057 57.12
1058 57.12
1059 57.12
1060 57.12
1061 57.12
1062 57.12
1063 57.12
1064 57.12
1065 57.12
1066 57.12
1067 57.12
1068 57.12
1069 57.12
1070 57.12
1071 57.12
1072 57.12
1073 57.13
1074 57.12
1075 57.12
1076 57.12
1077 57.12
1078 57.12
1079 57.13
1080 57.12
1081 57.12
1082 57.13
1083 57.12
1084 57.13
1085 57.12
1086 57.12
1087 57.13
1088 57.12
1089 57.12
1090 57.14
1091 57.12
1092 57.12
1093 57.12
1094 57.13
1095 57.13
1096 57.12
1097 57.12
1098 57.12
1099 57.13
1100 57.12
1101 57.12
1102 57.12
1103 57.13
1104 57.12
1105 57.13
1106 57.13
1107 57.14
1108 57.12
1109 57.10
1110 56.99
1111 56.81
1112 56.64
1113 56.63
1114 56.40
1115 56.28
1116 56.14
1117 56.07
1118 55.90
1119 55.75
1120 55.66
1121 55.61
1122 55.45
1123 55.41
1124 55.41
1125 55.37
1126 55.25
1127 55.17
1128 55.16
1129 55.05
1130 54.94
1131 54.83
1132 54.68
1133 54.53
1134 54.44
1135 54.19
1136 53.95
1137 53.72
1138 53.37
1139 52.99
1140 52.60
1141 52.08
1142 51.69
1143 51.27
1144 50.74
1145 50.14
1146 49.43
1147 48.71
1148 48.10
1149 47.48
1150 46.81
1151 46.34
1152 45.87
1153 45.34
1154 44.77
1155 44.24
1156 43.76
1157 43.09
1158 42.61
1159 42.15
1160 41.69
1161 41.28
1162 40.94
1163 40.54
1164 40.09
1165 39.79
1166 39.39
1167 39.16
1168 38.71
1169 38.34
1170 37.81
1171 37.35
1172 36.96
1173 36.53
1174 36.18
1175 35.76
1176 35.30
1177 34.84
1178 34.41
1179 33.97
1180 33.52
1181 33.08
1182 32.77
1183 32.41
1184 32.07
1185 31.73
1186 31.31
1187 30.90
1188 30.62
1189 30.22
1190 29.96
1191 29.59
1192 29.33
1193 29.09
1194 28.70
1195 28.46
1196 28.22
1197 27.93
1198 27.70
1199 27.44
1200 27.21
1201 26.98
1202 26.76
1203 26.56
1204 26.32
1205 26.11
1206 25.90
1207 25.66
1208 25.45
1209 25.25
1210 25.12
1211 24.90
1212 24.73
1213 24.56
1214 24.35
1215 24.14
1216 23.98
1217 23.81
1218 23.68
1219 23.41
1220 23.09
1221 23.01
1222 22.85
1223 22.64
1224 22.44
1225 22.25
1226 22.15
1227 22.00
1228 21.80
1229 21.63
1230 21.54
1231 21.38
1232 21.24
1233 21.17
1234 20.96
1235 20.83
1236 20.73
1237 20.54
1238 20.37
1239 20.25
1240 20.12
1241 19.93
1242 19.81
1243 19.70
1244 19.53
1245 19.46
1246 19.29
1247 19.27
1248 19.10
1249 19.06
1250 18.87
1251 18.86
1252 18.75
1253 18.66
1254 18.59
1255 18.45
1256 18.42
1257 18.24
1258 18.21
1259 18.06
1260 18.03
1261 17.98
1262 17.84
1263 17.82
1264 17.72
1265 17.62
1266 17.58
1267 17.42
1268 17.34
1269 17.21
1270 17.03
1271 17.00
1272 16.83
1273 16.79
1274 16.63
1275 16.59
1276 16.51
1277 16.38
1278 16.25
1279 16.18
1280 16.14
1281 15.98
1282 15.97
1283 15.94
1284 15.81
1285 15.76
1286 15.76
1287 15.72
1288 15.68
1289 15.56
1290 15.56
1291 15.54
1292 15.43
1293 15.35
1294 15.28
1295 15.16
1296 15.15
1297 15.14
1298 15.04
1299 14.96
1300 14.95
1301 14.95
1302 14.90
1303 14.83
1304 14.75
1305 14.74
1306 14.72
1307 14.68
1308 14.59
1309 14.54
1310 14.53
1311 14.45
1312 14.37
1313 14.35
1314 14.33
1315 14.28
1316 14.16
1317 14.12
1318 14.10
1319 13.96
1320 13.92
1321 13.91
1322 13.78
1323 13.73
1324 13.71
1325 13.63
1326 13.53
1327 13.52
1328 13.37
1329 13.33
1330 13.32
1331 13.28
1332 13.18
1333 13.12
1334 13.11
1335 13.08
1336 12.97
1337 12.96
1338 12.92
1339 12.92
1340 12.91
1341 12.90
1342 12.78
1343 12.73
1344 12.71
1345 12.71
1346 12.69
1347 12.63
1348 12.55
1349 12.53
1350 12.51
1351 12.51
1352 12.50
1353 12.51
1354 12.48
1355 12.40
1356 12.33
1357 12.31
1358 12.31
1359 12.30
1360 12.28
1361 12.24
1362 12.16
1363 12.12
1364 12.11
1365 12.11
1366 12.10
1367 12.10
1368 12.08
1369 12.02
1370 12.01
1371 12.00
1372 12.03
1373 11.96
1374 11.91
1375 11.91
1376 11.91
1377 11.90
1378 11.78
1379 11.71
1380 11.69
1381 11.69
1382 11.61
1383 11.55
1384 11.50
1385 11.46
1386 11.34
1387 11.30
1388 11.30
1389 11.28
1390 11.18
