1 18.04
2 18.05
3 18.21
4 18.24
5 18.25
6 18.24
7 18.23
8 18.41
9 18.86
10 20.33
11 22.25
12 25.11
13 27.80
14 29.99
15 32.23
16 34.45
17 36.28
18 37.79
19 38.94
20 40.02
21 40.94
22 41.71
23 42.43
24 43.08
25 43.62
26 44.24
27 44.71
28 45.21
29 45.65
30 46.10
31 46.35
32 46.79
33 47.06
34 47.44
35 47.75
36 47.99
37 48.23
38 48.47
39 48.70
40 48.91
41 49.02
42 49.18
43 49.41
44 49.56
45 49.67
46 49.89
47 50.01
48 50.13
49 50.32
50 50.39
51 50.60
52 50.63
53 50.83
54 50.90
55 51.07
56 51.17
57 51.30
58 51.37
59 51.54
60 51.56
61 51.74
62 51.80
63 51.94
64 52.03
65 52.10
66 52.27
67 52.27
68 52.42
69 52.50
70 52.52
71 52.66
72 52.75
73 52.76
74 52.90
75 52.99
76 53.03
77 53.12
78 53.23
79 53.24
80 53.31
81 53.44
82 53.48
83 53.49
84 53.62
85 53.70
86 53.72
87 53.75
88 53.88
89 53.94
90 53.96
91 53.97
92 54.06
93 54.15
94 54.19
95 54.20
96 54.24
97 54.32
98 54.38
99 54.44
100 54.44
101 54.47
102 54.56
103 54.63
104 54.68
105 54.68
106 54.69
107 54.74
108 54.80
109 54.90
110 54.91
111 54.93
112 54.93
113 55.00
114 55.04
115 55.13
116 55.15
117 55.17
118 55.17
119 55.17
120 55.23
121 55.28
122 55.35
123 55.40
124 55.41
125 55.41
126 55.42
127 55.43
128 55.51
129 55.52
130 55.61
131 55.64
132 55.66
133 55.66
134 55.66
135 55.66
136 55.67
137 55.73
138 55.80
139 55.84
140 55.88
141 55.87
142 55.90
143 55.90
144 55.90
145 55.90
146 55.94
147 55.96
148 56.00
149 56.07
150 56.07
151 56.11
152 56.14
153 56.14
154 56.14
155 56.14
156 56.14
157 56.14
158 56.16
159 56.17
160 56.22
161 56.25
162 56.26
163 56.31
164 56.34
165 56.36
166 56.36
167 56.38
168 56.38
169 56.39
170 56.39
171 56.39
172 56.39
173 56.39
174 56.41
175 56.42
176 56.43
177 56.49
178 56.53
179 56.55
180 56.56
181 56.59
182 56.61
183 56.62
184 56.63
185 56.63
186 56.63
187 56.63
188 56.63
189 56.63
190 56.63
191 56.66
192 56.66
193 56.67
194 56.71
195 56.74
196 56.77
197 56.80
198 56.80
199 56.84
200 56.86
201 56.86
202 56.87
203 56.87
204 56.86
205 56.87
206 56.88
207 56.87
208 56.88
209 56.88
210 56.88
211 56.88
212 56.89
213 56.90
214 56.91
215 56.93
216 56.96
217 56.99
218 57.01
219 57.04
220 57.04
221 57.06
222 57.05
223 57.08
224 57.11
225 57.12
226 57.12
227 57.11
228 57.12
229 57.12
230 57.12
231 57.12
232 57.12
233 57.12
234 57.12
235 57.13
236 57.13
237 57.13
238 57.14
239 57.14
240 57.14
241 57.13
242 57.15
243 57.21
244 57.20
245 57.23
246 57.26
247 57.25
248 57.27
249 57.27
250 57.29
251 57.32
252 57.31
253 57.34
254 57.33
255 57.36
256 57.35
257 57.35
258 57.35
259 57.35
260 57.36
261 57.36
262 57.36
263 57.36
264 57.36
265 57.36
266 57.36
267 57.36
268 57.37
269 57.37
270 57.37
271 57.36
272 57.37
273 57.37
274 57.38
275 57.36
276 57.37
277 57.37
278 57.38
279 57.39
280 57.40
281 57.43
282 57.39
283 57.41
284 57.42
285 57.42
286 57.44
287 57.46
288 57.46
289 57.48
290 57.50
291 57.48
292 57.50
293 57.53
294 57.55
295 57.52
296 57.55
297 57.57
298 57.57
299 57.58
300 57.57
301 57.59
302 57.60
303 57.58
304 57.60
305 57.59
306 57.59
307 57.60
308 57.61
309 57.60
310 57.60
311 57.60
312 57.61
313 57.60
314 57.61
315 57.60
316 57.61
317 57.61
318 57.60
319 57.61
320 57.61
321 57.61
322 57.61
323 57.62
324 57.61
325 57.61
326 57.62
327 57.62
328 57.61
329 57.61
330 57.61
331 57.61
332 57.62
333 57.62
334 57.63
335 57.61
336 57.62
337 57.61
338 57.63
339 57.64
340 57.64
341 57.64
342 57.66
343 57.67
344 57.66
345 57.67
346 57.67
347 57.67
348 57.67
349 57.69
350 57.68
351 57.68
352 57.69
353 57.68
354 57.71
355 57.71
356 57.73
357 57.74
358 57.74
359 57.77
360 57.73
361 57.74
362 57.76
363 57.77
364 57.76
365 57.80
366 57.78
367 57.79
368 57.78
369 57.81
370 57.78
371 57.81
372 57.79
373 57.80
374 57.80
375 57.82
376 57.82
377 57.82
378 57.83
379 57.84
380 57.82
381 57.83
382 57.82
383 57.82
384 57.85
385 57.84
386 57.83
387 57.84
388 57.85
389 57.84
390 57.84
391 57.85
392 57.85
393 57.85
394 57.85
395 57.83
396 57.85
397 57.85
398 57.85
399 57.85
400 57.85
401 57.85
402 57.85
403 57.85
404 57.85
405 57.85
406 57.85
407 57.86
408 57.85
409 57.85
410 57.85
411 57.85
412 57.85
413 57.85
414 57.86
415 57.85
416 57.86
417 57.85
418 57.85
419 57.85
420 57.86
421 57.86
422 57.87
423 57.86
424 57.86
425 57.85
426 57.86
427 57.86
428 57.85
429 57.86
430 57.86
431 57.85
432 57.86
433 57.85
434 57.87
435 57.86
436 57.87
437 57.87
438 57.85
439 57.86
440 57.86
441 57.87
442 57.86
443 57.88
444 57.88
445 57.88
446 57.86
447 57.85
448 57.87
449 57.86
450 57.87
451 57.87
452 57.86
453 57.88
454 57.86
455 57.88
456 57.88
457 57.88
458 57.88
459 57.88
460 57.90
461 57.89
462 57.90
463 57.88
464 57.88
465 57.89
466 57.88
467 57.88
468 57.90
469 57.90
470 57.90
471 57.91
472 57.90
473 57.88
474 57.90
475 57.90
476 57.91
477 57.92
478 57.91
479 57.90
480 57.91
481 57.92
482 57.92
483 57.95
484 57.92
485 57.91
486 57.96
487 57.90
488 57.94
489 57.94
490 57.92
491 57.93
492 57.95
493 57.94
494 57.99
495 58.01
496 57.96
497 57.96
498 57.96
499 57.95
500 57.95
501 57.97
502 57.99
503 57.99
504 57.96
505 57.98
506 57.99
507 57.99
508 57.96
509 58.00
510 58.00
511 57.99
512 58.02
513 57.99
514 57.98
515 57.97
516 57.99
517 57.99
518 58.02
519 58.00
520 58.03
521 57.99
522 58.02
523 57.97
524 58.00
525 57.99
526 58.02
527 57.99
528 58.01
529 58.04
530 58.00
531 58.00
532 58.01
533 58.05
534 58.04
535 58.04
536 58.03
537 58.03
538 58.04
539 58.04
540 58.07
541 58.05
542 58.07
543 58.05
544 58.04
545 58.05
546 58.08
547 58.04
548 58.04
549 58.06
550 58.05
551 58.07
552 58.08
553 58.06
554 58.06
555 58.06
556 58.08
557 58.06
558 58.05
559 58.07
560 58.08
561 58.07
562 58.06
563 58.08
564 58.05
565 58.09
566 58.08
567 58.08
568 58.08
569 58.06
570 58.07
571 58.10
572 58.09
573 58.09
574 58.09
575 58.09
576 58.08
577 58.09
578 58.09
579 58.07
580 58.09
581 58.07
582 58.08
583 58.08
584 58.09
585 58.08
586 58.08
587 58.08
588 58.08
589 58.10
590 58.09
591 58.09
592 58.07
593 58.09
594 58.09
595 58.08
596 58.09
597 58.09
598 58.09
599 58.09
600 58.10
601 58.09
602 58.10
603 58.09
604 58.10
605 58.10
606 58.09
607 58.09
608 58.09
609 58.10
610 58.10
611 58.10
612 58.09
613 58.08
614 58.10
615 58.10
616 58.09
617 58.10
618 58.10
619 58.10
620 58.10
621 58.10
622 58.10
623 58.10
624 58.10
625 58.10
626 58.10
627 58.10
628 58.10
629 58.10
630 58.10
631 58.10
632 58.10
633 58.10
634 58.10
635 58.09
636 58.10
637 58.10
638 58.10
639 58.10
640 58.10
641 58.10
642 58.10
643 58.10
644 58.10
645 58.10
646 58.10
647 58.10
648 58.10
649 58.10
650 58.10
651 58.10
652 58.10
653 58.10
654 58.10
655 58.10
656 58.10
657 58.10
658 58.10
659 58.10
660 58.10
661 58.10
662 58.10
663 58.10
664 58.10
665 58.09
666 58.10
667 58.10
668 58.10
669 58.10
670 58.10
671 58.10
672 58.10
673 58.10
674 58.10
675 58.10
676 58.10
677 58.10
678 58.10
679 58.10
680 58.10
681 58.11
682 58.10
683 58.10
684 58.10
685 58.10
686 58.10
687 58.10
688 58.10
689 58.10
690 58.10
691 58.10
692 58.10
693 58.10
694 58.11
695 58.11
696 58.10
697 58.10
698 58.10
699 58.10
700 58.10
701 58.10
702 58.10
703 58.10
704 58.10
705 58.10
706 58.10
707 58.11
708 58.10
709 58.10
710 58.10
711 58.11
712 58.11
713 58.10
714 58.11
715 58.11
716 58.11
717 58.10
718 58.10
719 58.10
720 58.10
721 58.10
722 58.11
723 58.10
724 58.11
725 58.11
726 58.10
727 58.11
728 58.10
729 58.11
730 58.11
731 58.11
732 58.11
733 58.12
734 58.11
735 58.11
736 58.11
737 58.10
738 58.11
739 58.11
740 58.11
741 58.12
742 58.11
743 58.11
744 58.11
745 58.10
746 58.10
747 58.11
748 58.11
749 58.10
750 58.11
751 58.11
752 58.11
753 58.12
754 58.10
755 58.13
756 58.12
757 58.11
758 58.11
759 58.12
760 58.11
761 58.12
762 58.11
763 58.13
764 58.11
765 58.11
766 58.11
767 58.11
768 58.12
769 58.11
770 58.12
771 58.12
772 58.11
773 58.11
774 58.12
775 58.12
776 58.11
777 58.11
778 58.11
779 58.12
780 58.13
781 58.13
782 58.13
783 58.13
784 58.11
785 58.17
786 58.15
787 58.16
788 58.17
789 58.12
790 58.15
791 58.12
792 58.15
793 58.14
794 58.15
795 58.15
796 58.15
797 58.15
798 58.11
799 58.15
800 58.13
801 58.13
802 58.13
803 58.13
804 58.11
805 58.12
806 58.13
807 58.14
808 58.15
809 58.16
810 58.15
811 58.15
812 58.15
813 58.17
814 58.16
815 58.17
816 58.14
817 58.16
818 58.18
819 58.13
820 58.13
821 58.14
822 58.17
823 58.15
824 58.16
825 58.17
826 58.18
827 58.16
828 58.16
829 58.20
830 58.18
831 58.17
832 58.17
833 58.15
834 58.17
835 58.17
836 58.17
837 58.18
838 58.17
839 58.18
840 58.16
841 58.17
842 58.17
843 58.18
844 58.20
845 58.19
846 58.18
847 58.18
848 58.16
849 58.20
850 58.16
851 58.19
852 58.20
853 58.18
854 58.18
855 58.20
856 58.17
857 58.19
858 58.18
859 58.21
860 58.20
861 58.17
862 58.22
863 58.18
864 58.22
865 58.19
866 58.23
867 58.20
868 58.17
869 58.22
870 58.20
871 58.22
872 58.20
873 58.21
874 58.20
875 58.22
876 58.22
877 58.24
878 58.23
879 58.24
880 58.21
881 58.25
882 58.23
883 58.18
884 58.24
885 58.23
886 58.24
887 58.22
888 58.24
889 58.24
890 58.24
891 58.25
892 58.24
893 58.24
894 58.24
895 58.24
896 58.22
897 58.24
898 58.24
899 58.23
900 58.23
901 58.25
902 58.25
903 58.24
904 58.24
905 58.25
906 58.24
907 58.24
908 58.24
909 58.26
910 58.23
911 58.25
912 58.27
913 58.25
914 58.25
915 58.27
916 58.27
917 58.26
918 58.26
919 58.28
920 58.25
921 58.29
922 58.25
923 58.27
924 58.25
925 58.25
926 58.28
927 58.26
928 58.27
929 58.29
930 58.29
931 58.29
932 58.29
933 58.29
934 58.25
935 58.28
936 58.29
937 58.29
938 58.28
939 58.28
940 58.30
941 58.32
942 58.29
943 58.27
944 58.31
945 58.28
946 58.32
947 58.31
948 58.29
949 58.29
950 58.31
951 58.31
952 58.26
953 58.29
954 58.29
955 58.31
956 58.31
957 58.32
958 58.28
959 58.31
960 58.31
961 58.31
962 58.30
963 58.31
964 58.31
965 58.31
966 58.30
967 58.31
968 58.31
969 58.31
970 58.32
971 58.29
972 58.31
973 58.30
974 58.32
975 58.32
976 58.31
977 58.32
978 58.32
979 58.32
980 58.32
981 58.32
982 58.31
983 58.30
984 58.31
985 58.33
986 58.29
987 58.30
988 58.32
989 58.30
990 58.31
991 58.31
992 58.31
993 58.31
994 58.31
995 58.32
996 58.33
997 58.32
998 58.33
999 58.33
1000 58.32
1001 58.33
1002 58.34
1003 58.31
1004 58.32
1005 58.33
1006 58.32
1007 58.32
1008 58.33
1009 58.32
1010 58.32
1011 58.32
1012 58.32
1013 58.32
1014 58.34
1015 58.33
1016 58.32
1017 58.34
1018 58.32
1019 58.33
1020 58.32
1021 58.33
1022 58.34
1023 58.33
1024 58.32
1025 58.34
1026 58.33
1027 58.33
1028 58.33
1029 58.32
1030 58.34
1031 58.34
1032 58.32
1033 58.34
1034 58.33
1035 58.34
1036 58.34
1037 58.34
1038 58.32
1039 58.33
1040 58.34
1041 58.33
1042 58.34
1043 58.33
1044 58.34
1045 58.34
1046 58.32
1047 58.32
1048 58.34
1049 58.34
1050 58.33
1051 58.34
1052 58.33
1053 58.34
1054 58.34
1055 58.33
1056 58.33
1057 58.34
1058 58.34
1059 58.33
1060 58.33
1061 58.34
1062 58.34
1063 58.34
1064 58.33
1065 58.34
1066 58.33
1067 58.34
1068 58.34
1069 58.34
1070 58.33
1071 58.34
1072 58.34
1073 58.33
1074 58.34
1075 58.34
1076 58.34
1077 58.34
1078 58.34
1079 58.34
1080 58.34
1081 58.34
1082 58.34
1083 58.34
1084 58.34
1085 58.34
1086 58.34
1087 58.35
1088 58.34
1089 58.34
1090 58.34
1091 58.34
1092 58.34
1093 58.34
1094 58.34
1095 58.34
1096 58.33
1097 58.34
1098 58.34
1099 58.34
1100 58.34
1101 58.34
1102 58.34
1103 58.34
1104 58.34
1105 58.34
1106 58.34
1107 58.34
1108 58.34
1109 58.34
1110 58.34
1111 58.34
1112 58.34
1113 58.34
1114 58.34
1115 58.34
1116 58.34
1117 58.34
1118 58.32
1119 58.34
1120 58.34
1121 58.32
1122 58.33
1123 58.34
1124 58.34
1125 58.34
1126 58.34
1127 58.34
1128 58.34
1129 58.34
1130 58.34
1131 58.34
1132 58.34
1133 58.34
1134 58.34
1135 58.34
1136 58.34
1137 58.35
1138 58.34
1139 58.34
1140 58.34
1141 58.34
1142 58.34
1143 58.34
1144 58.34
1145 58.34
1146 58.34
1147 58.34
1148 58.34
1149 58.34
1150 58.34
1151 58.34
1152 58.34
1153 58.34
1154 58.34
1155 58.34
1156 58.34
1157 58.34
1158 58.34
1159 58.34
1160 58.34
1161 58.34
1162 58.34
1163 58.34
1164 58.34
1165 58.34
1166 58.34
1167 58.34
1168 58.34
1169 58.34
1170 58.34
1171 58.34
1172 58.34
1173 58.34
1174 58.34
1175 58.34
1176 58.34
1177 58.35
1178 58.34
1179 58.34
1180 58.34
1181 58.35
1182 58.34
1183 58.34
1184 58.34
1185 58.34
1186 58.34
1187 58.34
1188 58.34
1189 58.34
1190 58.34
1191 58.34
1192 58.34
1193 58.34
1194 58.34
1195 58.34
1196 58.34
1197 58.34
1198 58.34
1199 58.34
1200 58.34
1201 58.34
1202 58.34
1203 58.34
1204 58.34
1205 58.34
1206 58.34
1207 58.34
1208 58.34
1209 58.35
1210 58.34
1211 58.34
1212 58.34
1213 58.35
1214 58.35
1215 58.34
1216 58.34
1217 58.35
1218 58.34
1219 58.34
1220 58.34
1221 58.35
1222 58.35
1223 58.34
1224 58.34
1225 58.34
1226 58.34
1227 58.35
1228 58.34
1229 58.35
1230 58.34
1231 58.34
1232 58.34
1233 58.34
1234 58.34
1235 58.34
1236 58.34
1237 58.35
1238 58.34
1239 58.34
1240 58.34
1241 58.35
1242 58.34
1243 58.34
1244 58.34
1245 58.34
1246 58.35
1247 58.35
1248 58.34
1249 58.34
1250 58.35
1251 58.34
1252 58.35
1253 58.34
1254 58.35
1255 58.34
1256 58.35
1257 58.35
1258 58.34
1259 58.34
1260 58.35
1261 58.34
1262 58.34
1263 58.34
1264 58.34
1265 58.35
1266 58.35
1267 58.35
1268 58.34
1269 58.34
1270 58.35
1271 58.35
1272 58.34
1273 58.34
1274 58.34
1275 58.35
1276 58.34
1277 58.35
1278 58.34
1279 58.34
1280 58.34
1281 58.35
1282 58.34
1283 58.35
1284 58.34
1285 58.35
1286 58.35
1287 58.35
1288 58.35
1289 58.35
1290 58.35
1291 58.35
1292 58.35
1293 58.35
1294 58.34
1295 58.34
1296 58.35
1297 58.34
1298 58.35
1299 58.35
1300 58.35
1301 58.34
1302 58.35
1303 58.34
1304 58.34
1305 58.34
1306 58.35
1307 58.35
1308 58.34
1309 58.35
1310 58.35
1311 58.35
1312 58.34
1313 58.34
1314 58.35
1315 58.34
1316 58.35
1317 58.35
1318 58.35
1319 58.35
1320 58.35
1321 58.35
1322 58.35
1323 58.35
1324 58.35
1325 58.35
1326 58.35
1327 58.35
1328 58.35
1329 58.35
1330 58.34
1331 58.35
1332 58.36
1333 58.34
1334 58.34
1335 58.34
1336 58.34
1337 58.35
1338 58.35
1339 58.36
1340 58.35
1341 58.35
1342 58.35
1343 58.35
1344 58.35
1345 58.36
1346 58.35
1347 58.36
1348 58.36
1349 58.35
1350 58.36
1351 58.34
1352 58.36
1353 58.36
1354 58.34
1355 58.35
1356 58.35
1357 58.35
1358 58.34
1359 58.35
1360 58.34
1361 58.35
1362 58.35
1363 58.36
1364 58.36
1365 58.35
1366 58.35
1367 58.36
1368 58.36
1369 58.35
1370 58.38
1371 58.35
1372 58.35
1373 58.34
1374 58.35
1375 58.36
1376 58.35
1377 58.35
1378 58.34
1379 58.36
1380 58.35
1381 58.36
1382 58.35
1383 58.35
1384 58.36
1385 58.36
1386 58.38
1387 58.35
1388 58.36
1389 58.35
1390 58.35
1391 58.36
1392 58.36
1393 58.35
1394 58.35
1395 58.37
1396 58.36
1397 58.35
1398 58.37
1399 58.36
1400 58.35
1401 58.35
1402 58.37
1403 58.36
1404 58.35
1405 58.38
1406 58.38
1407 58.36
1408 58.36
1409 58.36
1410 58.35
1411 58.35
1412 58.36
1413 58.37
1414 58.36
1415 58.37
1416 58.37
1417 58.34
1418 58.37
1419 58.35
1420 58.36
1421 58.38
1422 58.37
1423 58.36
1424 58.37
1425 58.36
1426 58.35
1427 58.37
1428 58.36
1429 58.35
1430 58.36
1431 58.35
1432 58.38
1433 58.37
1434 58.37
1435 58.35
1436 58.37
1437 58.35
1438 58.36
1439 58.36
1440 58.35
1441 58.37
1442 58.36
1443 58.36
1444 58.38
1445 58.36
1446 58.36
1447 58.37
1448 58.37
1449 58.35
1450 58.37
1451 58.36
1452 58.36
1453 58.36
1454 58.36
1455 58.37
1456 58.38
1457 58.37
1458 58.36
1459 58.38
1460 58.37
1461 58.37
1462 58.38
1463 58.37
1464 58.36
1465 58.38
1466 58.38
1467 58.37
1468 58.39
1469 58.37
1470 58.37
1471 58.35
1472 58.36
1473 58.38
1474 58.36
1475 58.35
1476 58.38
1477 58.37
1478 58.38
1479 58.38
1480 58.36
1481 58.38
1482 58.37
1483 58.36
1484 58.38
1485 58.37
1486 58.37
1487 58.38
1488 58.37
1489 58.39
1490 58.37
1491 58.38
1492 58.38
1493 58.39
1494 58.39
1495 58.37
1496 58.37
1497 58.38
1498 58.37
1499 58.38
1500 58.37
1501 58.38
1502 58.38
1503 58.39
1504 58.38
1505 58.38
1506 58.39
1507 58.38
1508 58.40
1509 58.40
1510 58.38
1511 58.38
1512 58.39
1513 58.37
1514 58.45
1515 58.38
1516 58.37
1517 58.38
1518 58.41
1519 58.38
1520 58.38
1521 58.38
1522 58.37
1523 58.39
1524 58.40
1525 58.41
1526 58.38
1527 58.39
1528 58.38
1529 58.39
1530 58.40
1531 58.40
1532 58.37
1533 58.40
1534 58.38
1535 58.40
1536 58.39
1537 58.38
1538 58.39
1539 58.38
1540 58.40
1541 58.42
1542 58.37
1543 58.41
1544 58.40
1545 58.41
1546 58.38
1547 58.39
1548 58.40
1549 58.39
1550 58.41
1551 58.40
1552 58.42
1553 58.40
1554 58.39
1555 58.41
1556 58.38
1557 58.42
1558 58.40
1559 58.39
1560 58.39
1561 58.41
1562 58.40
1563 58.40
1564 58.40
1565 58.41
1566 58.41
1567 58.41
1568 58.39
1569 58.40
1570 58.40
1571 58.39
1572 58.38
1573 58.38
1574 58.41
1575 58.40
1576 58.41
1577 58.39
1578 58.40
1579 58.40
1580 58.45
1581 58.38
1582 58.40
1583 58.40
1584 58.40
1585 58.40
1586 58.41
1587 58.43
1588 58.40
1589 58.40
1590 58.40
1591 58.39
1592 58.42
1593 58.40
1594 58.40
1595 58.39
1596 58.41
1597 58.41
1598 58.41
1599 58.41
1600 58.42
1601 58.41
1602 58.40
1603 58.43
1604 58.42
1605 58.41
1606 58.44
1607 58.41
1608 58.41
1609 58.44
1610 58.41
1611 58.45
1612 58.48
1613 58.43
1614 58.45
1615 58.44
1616 58.41
1617 58.46
1618 58.49
1619 58.47
1620 58.46
1621 58.45
1622 58.45
1623 58.45
1624 58.47
1625 58.46
1626 58.45
1627 58.43
1628 58.45
1629 58.43
1630 58.45
1631 58.44
1632 58.45
1633 58.45
1634 58.45
1635 58.42
1636 58.45
1637 58.48
1638 58.45
1639 58.41
1640 58.44
1641 58.45
1642 58.45
1643 58.43
1644 58.43
1645 58.48
1646 58.48
1647 58.50
1648 58.46
1649 58.45
1650 58.48
1651 58.48
1652 58.44
1653 58.46
1654 58.47
1655 58.46
1656 58.48
1657 58.48
1658 58.44
1659 58.45
1660 58.50
1661 58.47
1662 58.45
1663 58.48
1664 58.46
1665 58.47
1666 58.47
1667 58.45
1668 58.46
1669 58.46
1670 58.50
1671 58.46
1672 58.47
1673 58.45
1674 58.47
1675 58.47
1676 58.47
1677 58.46
1678 58.50
1679 58.48
1680 58.48
1681 58.48
1682 58.44
1683 58.47
1684 58.49
1685 58.45
1686 58.46
1687 58.48
1688 58.47
1689 58.50
1690 58.47
1691 58.50
1692 58.47
1693 58.48
1694 58.48
1695 58.49
1696 58.50
1697 58.50
1698 58.48
1699 58.45
1700 58.47
1701 58.47
1702 58.47
1703 58.48
1704 58.48
1705 58.48
1706 58.48
1707 58.49
1708 58.50
1709 58.47
1710 58.50
1711 58.50
1712 58.49
1713 58.48
1714 58.46
1715 58.50
1716 58.49
1717 58.49
1718 58.46
1719 58.49
1720 58.46
1721 58.48
1722 58.51
1723 58.52
1724 58.48
1725 58.46
1726 58.49
1727 58.50
1728 58.50
1729 58.48
1730 58.50
1731 58.52
1732 58.50
1733 58.47
1734 58.49
1735 58.53
1736 58.50
1737 58.48
1738 58.48
1739 58.51
1740 58.50
1741 58.50
1742 58.52
1743 58.50
1744 58.47
1745 58.50
1746 58.52
1747 58.50
1748 58.48
1749 58.47
1750 58.47
1751 58.50
1752 58.48
1753 58.47
1754 58.49
1755 58.50
1756 58.50
1757 58.51
1758 58.48
1759 58.51
1760 58.52
1761 58.50
1762 58.50
1763 58.50
1764 58.49
1765 58.51
1766 58.51
1767 58.52
1768 58.50
1769 58.52
1770 58.49
1771 58.50
1772 58.52
1773 58.52
1774 58.49
1775 58.50
1776 58.50
1777 58.51
1778 58.52
1779 58.50
1780 58.53
1781 58.53
1782 58.51
1783 58.50
1784 58.53
1785 58.51
1786 58.52
1787 58.52
1788 58.50
1789 58.50
1790 58.52
1791 58.52
1792 58.51
1793 58.51
1794 58.51
1795 58.53
1796 58.52
1797 58.53
1798 58.52
1799 58.53
1800 58.52
1801 58.54
1802 58.51
1803 58.54
1804 58.54
1805 58.55
1806 58.51
1807 58.52
1808 58.51
1809 58.49
1810 58.53
1811 58.53
1812 58.50
1813 58.52
1814 58.53
1815 58.47
1816 58.53
1817 58.54
1818 58.52
1819 58.52
1820 58.53
1821 58.49
1822 58.53
1823 58.52
1824 58.51
1825 58.53
1826 58.51
1827 58.52
1828 58.52
1829 58.54
1830 58.55
1831 58.55
1832 58.52
1833 58.53
1834 58.52
1835 58.54
1836 58.53
1837 58.52
1838 58.52
1839 58.55
1840 58.50
1841 58.54
1842 58.50
1843 58.53
1844 58.54
1845 58.52
1846 58.53
1847 58.51
1848 58.52
1849 58.52
1850 58.54
1851 58.55
1852 58.49
1853 58.56
1854 58.54
1855 58.54
1856 58.54
1857 58.51
1858 58.50
1859 58.51
1860 58.50
1861 58.52
1862 58.57
1863 58.54
1864 58.52
1865 58.52
1866 58.51
1867 58.53
1868 58.56
1869 58.52
1870 58.53
1871 58.55
1872 58.53
1873 58.54
1874 58.55
1875 58.54
1876 58.51
1877 58.53
1878 58.52
1879 58.53
1880 58.54
1881 58.54
1882 58.55
1883 58.54
1884 58.51
1885 58.50
1886 58.52
1887 58.52
1888 58.54
1889 58.52
1890 58.54
1891 58.53
1892 58.54
1893 58.55
1894 58.53
1895 58.56
1896 58.55
1897 58.54
1898 58.53
1899 58.52
1900 58.54
1901 58.53
1902 58.56
1903 58.54
1904 58.52
1905 58.54
1906 58.52
1907 58.54
1908 58.55
1909 58.56
1910 58.51
1911 58.54
1912 58.53
1913 58.54
1914 58.54
1915 58.56
1916 58.55
1917 58.54
1918 58.53
1919 58.53
1920 58.56
1921 58.56
1922 58.56
1923 58.55
1924 58.53
1925 58.52
1926 58.55
1927 58.55
1928 58.55
1929 58.53
1930 58.56
1931 58.54
1932 58.54
1933 58.52
1934 58.54
1935 58.55
1936 58.55
1937 58.55
1938 58.56
1939 58.54
1940 58.52
1941 58.54
1942 58.53
1943 58.54
1944 58.56
1945 58.57
1946 58.56
1947 58.56
1948 58.55
1949 58.53
1950 58.53
1951 58.55
1952 58.52
1953 58.55
1954 58.54
1955 58.54
1956 58.57
1957 58.54
1958 58.54
1959 58.54
1960 58.55
1961 58.54
1962 58.56
1963 58.55
1964 58.55
1965 58.56
1966 58.55
1967 58.56
1968 58.55
1969 58.53
1970 58.55
1971 58.56
1972 58.54
1973 58.57
1974 58.55
1975 58.56
1976 58.57
1977 58.56
1978 58.54
1979 58.53
1980 58.55
1981 58.57
1982 58.56
1983 58.56
1984 58.55
1985 58.55
1986 58.55
1987 58.54
1988 58.57
1989 58.56
1990 58.55
1991 58.57
1992 58.56
1993 58.55
1994 58.57
1995 58.54
1996 58.55
1997 58.57
1998 58.56
1999 58.54
2000 58.56
2001 58.57
2002 58.55
2003 58.55
2004 58.55
2005 58.56
2006 58.54
2007 58.58
2008 58.57
2009 58.56
2010 58.57
2011 58.56
2012 58.56
2013 58.56
2014 58.56
2015 58.56
2016 58.56
2017 58.57
2018 58.55
2019 58.55
2020 58.56
2021 58.56
2022 58.56
2023 58.57
2024 58.56
2025 58.56
2026 58.56
2027 58.55
2028 58.56
2029 58.56
2030 58.56
2031 58.57
2032 58.56
2033 58.54
2034 58.57
2035 58.57
2036 58.57
2037 58.57
2038 58.57
2039 58.57
2040 58.57
2041 58.57
2042 58.57
2043 58.54
2044 58.57
2045 58.57
2046 58.56
2047 58.57
2048 58.58
2049 58.58
2050 58.57
2051 58.58
2052 58.56
2053 58.56
2054 58.57
2055 58.56
2056 58.56
2057 58.56
2058 58.57
2059 58.55
2060 58.57
2061 58.55
2062 58.59
2063 58.56
2064 58.57
2065 58.57
2066 58.54
2067 58.58
2068 58.57
2069 58.59
2070 58.58
2071 58.57
2072 58.57
2073 58.57
2074 58.57
2075 58.57
2076 58.56
2077 58.58
2078 58.57
2079 58.56
2080 58.57
2081 58.58
2082 58.58
2083 58.57
2084 58.56
2085 58.57
2086 58.56
2087 58.56
2088 58.57
2089 58.55
2090 58.57
2091 58.55
2092 58.57
2093 58.56
2094 58.58
2095 58.57
2096 58.58
2097 58.57
2098 58.57
2099 58.56
2100 58.57
2101 58.57
2102 58.57
2103 58.57
2104 58.57
2105 58.56
2106 58.56
2107 58.57
2108 58.57
2109 58.57
2110 58.57
2111 58.58
2112 58.58
2113 58.57
2114 58.56
2115 58.57
2116 58.57
2117 58.57
2118 58.58
2119 58.58
2120 58.58
2121 58.58
2122 58.58
2123 58.57
2124 58.59
2125 58.58
2126 58.58
2127 58.58
2128 58.57
2129 58.57
2130 58.56
2131 58.57
2132 58.57
2133 58.57
2134 58.59
2135 58.57
2136 58.57
2137 58.59
2138 58.57
2139 58.57
2140 58.58
2141 58.58
2142 58.56
2143 58.58
2144 58.59
2145 58.57
2146 58.57
2147 58.57
2148 58.58
2149 58.58
2150 58.58
2151 58.58
2152 58.57
2153 58.58
2154 58.58
2155 58.57
2156 58.59
2157 58.58
2158 58.57
2159 58.57
2160 58.58
2161 58.58
2162 58.57
2163 58.58
2164 58.57
2165 58.58
2166 58.59
2167 58.58
2168 58.57
2169 58.56
2170 58.57
2171 58.58
2172 58.58
2173 58.57
2174 58.57
2175 58.57
2176 58.59
2177 58.58
2178 58.58
2179 58.57
2180 58.57
2181 58.58
2182 58.57
2183 58.58
2184 58.57
2185 58.59
2186 58.59
2187 58.58
2188 58.58
2189 58.59
2190 58.58
2191 58.58
2192 58.58
2193 58.57
2194 58.59
2195 58.58
2196 58.57
2197 58.58
2198 58.58
2199 58.58
2200 58.56
2201 58.57
2202 58.57
2203 58.57
2204 58.58
2205 58.57
2206 58.58
2207 58.58
2208 58.58
2209 58.57
2210 58.58
2211 58.59
2212 58.59
2213 58.59
2214 58.59
2215 58.58
2216 58.59
2217 58.58
2218 58.57
2219 58.56
2220 58.59
2221 58.58
2222 58.58
2223 58.58
2224 58.59
2225 58.57
2226 58.59
2227 58.59
2228 58.59
2229 58.59
2230 58.57
2231 58.58
2232 58.59
2233 58.58
2234 58.58
2235 58.59
2236 58.58
2237 58.58
2238 58.58
2239 58.57
2240 58.59
2241 58.59
2242 58.57
2243 58.58
2244 58.58
2245 58.57
2246 58.58
2247 58.57
2248 58.59
2249 58.58
2250 58.58
2251 58.58
2252 58.58
2253 58.57
2254 58.58
2255 58.58
2256 58.58
2257 58.58
2258 58.57
2259 58.58
2260 58.58
2261 58.58
2262 58.59
2263 58.58
2264 58.59
2265 58.59
2266 58.59
2267 58.59
2268 58.59
2269 58.58
2270 58.58
2271 58.59
2272 58.59
2273 58.58
2274 58.58
2275 58.58
2276 58.59
2277 58.59
2278 58.59
2279 58.58
2280 58.59
2281 58.59
2282 58.59
2283 58.59
2284 58.59
2285 58.57
2286 58.58
2287 58.58
2288 58.59
2289 58.57
2290 58.58
2291 58.59
2292 58.58
2293 58.59
2294 58.59
2295 58.59
2296 58.59
2297 58.59
2298 58.59
2299 58.58
2300 58.59
2301 58.59
2302 58.59
2303 58.58
2304 58.58
2305 58.59
2306 58.59
2307 58.59
2308 58.59
2309 58.59
2310 58.59
2311 58.59
2312 58.58
2313 58.59
2314 58.59
2315 58.59
2316 58.59
2317 58.59
2318 58.59
2319 58.59
2320 58.59
2321 58.59
2322 58.58
2323 58.59
2324 58.59
2325 58.59
2326 58.59
2327 58.59
2328 58.58
2329 58.59
2330 58.59
2331 58.59
2332 58.59
2333 58.59
2334 58.59
2335 58.58
2336 58.59
2337 58.59
2338 58.59
2339 58.59
2340 58.59
2341 58.59
2342 58.58
2343 58.59
2344 58.59
2345 58.59
2346 58.59
2347 58.59
2348 58.59
2349 58.59
2350 58.59
2351 58.59
2352 58.59
2353 58.58
2354 58.59
2355 58.59
2356 58.59
2357 58.59
2358 58.59
2359 58.59
2360 58.58
2361 58.59
2362 58.58
2363 58.57
2364 58.59
2365 58.59
2366 58.59
2367 58.59
2368 58.59
2369 58.58
2370 58.59
2371 58.58
2372 58.59
2373 58.59
2374 58.59
2375 58.59
2376 58.58
2377 58.58
2378 58.59
2379 58.59
2380 58.58
2381 58.59
2382 58.59
2383 58.59
2384 58.59
2385 58.59
2386 58.58
2387 58.58
2388 58.59
2389 58.59
2390 58.59
2391 58.59
2392 58.59
2393 58.59
2394 58.59
2395 58.58
2396 58.59
2397 58.58
2398 58.59
2399 58.59
2400 58.59
2401 58.59
2402 58.59
2403 58.59
2404 58.59
2405 58.59
2406 58.59
2407 58.58
2408 58.58
2409 58.59
2410 58.59
2411 58.59
2412 58.58
2413 58.59
2414 58.59
2415 58.59
2416 58.59
2417 58.59
2418 58.59
2419 58.58
2420 58.59
2421 58.59
2422 58.59
2423 58.59
2424 58.59
2425 58.59
2426 58.59
2427 58.59
2428 58.59
2429 58.59
2430 58.59
2431 58.59
2432 58.59
2433 58.59
2434 58.59
2435 58.58
2436 58.58
2437 58.59
2438 58.59
2439 58.59
2440 58.58
2441 58.59
2442 58.59
2443 58.59
2444 58.59
2445 58.59
2446 58.59
2447 58.59
2448 58.59
2449 58.59
2450 58.59
2451 58.59
2452 58.59
2453 58.59
2454 58.59
2455 58.58
2456 58.59
2457 58.59
2458 58.58
2459 58.59
2460 58.59
2461 58.59
2462 58.59
2463 58.59
2464 58.59
2465 58.59
2466 58.59
2467 58.59
2468 58.59
2469 58.59
2470 58.58
2471 58.59
2472 58.59
2473 58.59
2474 58.59
2475 58.59
2476 58.59
2477 58.59
2478 58.59
2479 58.59
2480 58.59
2481 58.59
2482 58.59
2483 58.59
2484 58.59
2485 58.59
2486 58.59
2487 58.59
2488 58.59
2489 58.59
2490 58.59
2491 58.59
2492 58.59
2493 58.59
2494 58.59
2495 58.59
2496 58.59
2497 58.59
2498 58.59
2499 58.59
2500 58.59
2501 58.59
2502 58.59
2503 58.58
2504 58.59
2505 58.59
2506 58.58
2507 58.59
2508 58.59
2509 58.59
2510 58.59
2511 58.59
2512 58.59
2513 58.59
2514 58.59
2515 58.59
2516 58.59
2517 58.59
2518 58.59
2519 58.59
2520 58.59
2521 58.59
2522 58.59
2523 58.59
2524 58.59
2525 58.59
2526 58.59
2527 58.59
2528 58.59
2529 58.59
2530 58.59
2531 58.59
2532 58.59
2533 58.59
2534 58.59
2535 58.59
2536 58.59
2537 58.59
2538 58.59
2539 58.59
2540 58.59
2541 58.59
2542 58.59
2543 58.59
2544 58.59
2545 58.59
2546 58.59
2547 58.59
2548 58.59
2549 58.59
2550 58.59
2551 58.59
2552 58.59
2553 58.59
2554 58.59
2555 58.59
2556 58.59
2557 58.59
2558 58.59
2559 58.59
2560 58.59
2561 58.59
2562 58.59
2563 58.59
2564 58.59
2565 58.59
2566 58.59
2567 58.59
2568 58.59
2569 58.59
2570 58.59
2571 58.59
2572 58.59
2573 58.59
2574 58.59
2575 58.59
2576 58.59
2577 58.59
2578 58.59
2579 58.59
2580 58.59
2581 58.59
2582 58.59
2583 58.59
2584 58.59
2585 58.59
2586 58.59
2587 58.59
2588 58.59
2589 58.59
2590 58.59
2591 58.59
2592 58.59
2593 58.59
2594 58.59
2595 58.59
2596 58.59
2597 58.59
2598 58.59
2599 58.59
2600 58.59
2601 58.59
2602 58.59
2603 58.59
2604 58.59
2605 58.59
2606 58.59
2607 58.59
2608 58.59
2609 58.59
2610 58.59
2611 58.59
2612 58.59
2613 58.59
2614 58.59
2615 58.59
2616 58.59
2617 58.59
2618 58.59
2619 58.59
2620 58.59
2621 58.59
2622 58.59
2623 58.59
2624 58.59
2625 58.59
2626 58.59
2627 58.59
2628 58.59
2629 58.59
2630 58.59
2631 58.59
2632 58.59
2633 58.59
2634 58.59
2635 58.59
2636 58.59
2637 58.59
2638 58.59
2639 58.58
2640 58.59
2641 58.59
2642 58.59
2643 58.59
2644 58.59
2645 58.60
2646 58.59
2647 58.59
2648 58.59
2649 58.59
2650 58.59
2651 58.59
2652 58.59
2653 58.59
2654 58.59
2655 58.59
2656 58.59
2657 58.59
2658 58.59
2659 58.59
2660 58.59
2661 58.59
2662 58.59
2663 58.59
2664 58.59
2665 58.59
2666 58.59
2667 58.59
2668 58.59
2669 58.60
2670 58.59
2671 58.59
2672 58.59
2673 58.59
2674 58.59
2675 58.59
2676 58.59
2677 58.59
2678 58.59
2679 58.59
2680 58.59
2681 58.59
2682 58.59
2683 58.59
2684 58.59
2685 58.59
2686 58.59
2687 58.59
2688 58.60
2689 58.59
2690 58.59
2691 58.59
2692 58.60
2693 58.59
2694 58.59
2695 58.59
2696 58.59
2697 58.59
2698 58.59
2699 58.59
2700 58.59
2701 58.59
2702 58.59
2703 58.59
2704 58.59
2705 58.59
2706 58.59
2707 58.59
2708 58.59
2709 58.59
2710 58.59
2711 58.59
2712 58.59
2713 58.60
2714 58.59
2715 58.59
2716 58.59
2717 58.60
2718 58.59
2719 58.59
2720 58.59
2721 58.59
2722 58.59
2723 58.59
2724 58.59
2725 58.59
2726 58.59
2727 58.59
2728 58.59
2729 58.59
2730 58.59
2731 58.59
2732 58.60
2733 58.59
2734 58.59
2735 58.59
2736 58.59
2737 58.59
2738 58.60
2739 58.59
2740 58.59
2741 58.59
2742 58.59
2743 58.59
2744 58.59
2745 58.59
2746 58.59
2747 58.59
2748 58.59
2749 58.59
2750 58.59
2751 58.59
2752 58.59
2753 58.59
2754 58.59
2755 58.59
2756 58.59
2757 58.59
2758 58.59
2759 58.60
2760 58.59
2761 58.59
2762 58.59
2763 58.59
2764 58.59
2765 58.60
2766 58.59
2767 58.59
2768 58.59
2769 58.59
2770 58.59
2771 58.60
2772 58.59
2773 58.60
2774 58.59
2775 58.59
2776 58.58
2777 58.59
2778 58.60
2779 58.59
2780 58.59
2781 58.60
2782 58.59
2783 58.59
2784 58.59
2785 58.59
2786 58.59
2787 58.60
2788 58.59
2789 58.59
2790 58.60
2791 58.59
2792 58.59
2793 58.59
2794 58.59
2795 58.59
2796 58.59
2797 58.59
2798 58.59
2799 58.59
2800 58.59
2801 58.59
2802 58.59
2803 58.60
2804 58.59
2805 58.59
2806 58.59
2807 58.59
2808 58.59
2809 58.60
2810 58.59
2811 58.60
2812 58.60
2813 58.59
2814 58.59
2815 58.59
2816 58.59
2817 58.60
2818 58.59
2819 58.59
2820 58.60
2821 58.60
2822 58.59
2823 58.59
2824 58.59
2825 58.59
2826 58.59
2827 58.59
2828 58.59
2829 58.59
2830 58.59
2831 58.60
2832 58.59
2833 58.59
2834 58.59
2835 58.60
2836 58.59
2837 58.60
2838 58.59
2839 58.59
2840 58.59
2841 58.61
2842 58.59
2843 58.60
2844 58.59
2845 58.59
2846 58.60
2847 58.59
2848 58.60
2849 58.59
2850 58.59
2851 58.59
2852 58.60
2853 58.59
2854 58.60
2855 58.59
2856 58.59
2857 58.59
2858 58.59
2859 58.59
2860 58.59
2861 58.60
2862 58.60
2863 58.60
2864 58.61
2865 58.59
2866 58.60
2867 58.60
2868 58.59
2869 58.59
2870 58.60
2871 58.60
2872 58.60
2873 58.60
2874 58.59
2875 58.59
2876 58.60
2877 58.60
2878 58.59
2879 58.59
2880 58.59
2881 58.59
2882 58.60
2883 58.59
2884 58.60
2885 58.59
2886 58.60
2887 58.60
2888 58.60
2889 58.59
2890 58.60
2891 58.60
2892 58.60
2893 58.61
2894 58.60
2895 58.60
2896 58.60
2897 58.59
2898 58.59
2899 58.59
2900 58.59
2901 58.59
2902 58.59
2903 58.59
2904 58.61
2905 58.60
2906 58.59
2907 58.59
2908 58.59
2909 58.59
2910 58.59
2911 58.59
2912 58.60
2913 58.60
2914 58.60
2915 58.59
2916 58.59
2917 58.59
2918 58.60
2919 58.59
2920 58.60
2921 58.60
2922 58.59
2923 58.59
2924 58.60
2925 58.59
2926 58.62
2927 58.59
2928 58.59
2929 58.61
2930 58.60
2931 58.59
2932 58.59
2933 58.60
2934 58.59
2935 58.59
2936 58.60
2937 58.60
2938 58.59
2939 58.60
2940 58.59
2941 58.60
2942 58.59
2943 58.60
2944 58.59
2945 58.59
2946 58.60
2947 58.60
2948 58.59
2949 58.60
2950 58.59
2951 58.59
2952 58.59
2953 58.59
2954 58.59
2955 58.59
2956 58.60
2957 58.59
2958 58.59
2959 58.59
2960 58.60
2961 58.59
2962 58.59
2963 58.60
2964 58.60
2965 58.59
2966 58.60
2967 58.59
2968 58.60
2969 58.60
2970 58.59
2971 58.60
2972 58.59
2973 58.60
2974 58.60
2975 58.59
2976 58.59
2977 58.59
2978 58.59
2979 58.59
2980 58.59
2981 58.60
2982 58.59
2983 58.61
2984 58.61
2985 58.59
2986 58.59
2987 58.60
2988 58.60
2989 58.60
2990 58.60
2991 58.60
2992 58.59
2993 58.60
2994 58.60
2995 58.60
2996 58.60
2997 58.60
2998 58.59
2999 58.59
3000 58.59
3001 58.61
3002 58.59
3003 58.60
3004 58.60
3005 58.59
3006 58.59
3007 58.60
3008 58.61
3009 58.59
3010 58.60
3011 58.60
3012 58.60
3013 58.60
3014 58.62
3015 58.60
3016 58.60
3017 58.60
3018 58.60
3019 58.60
3020 58.60
3021 58.61
3022 58.60
3023 58.59
3024 58.60
3025 58.59
3026 58.59
3027 58.60
3028 58.61
3029 58.60
3030 58.61
3031 58.59
3032 58.60
3033 58.61
3034 58.61
3035 58.61
3036 58.61
3037 58.59
3038 58.60
3039 58.61
3040 58.61
3041 58.62
3042 58.60
3043 58.61
3044 58.60
3045 58.59
3046 58.60
3047 58.61
3048 58.61
3049 58.61
3050 58.60
3051 58.61
3052 58.60
3053 58.59
3054 58.60
3055 58.61
3056 58.61
3057 58.60
3058 58.60
3059 58.60
3060 58.60
3061 58.60
3062 58.60
3063 58.59
3064 58.60
3065 58.60
3066 58.60
3067 58.61
3068 58.61
3069 58.61
3070 58.60
3071 58.60
3072 58.60
3073 58.61
3074 58.61
3075 58.60
3076 58.59
3077 58.61
3078 58.61
3079 58.60
3080 58.59
3081 58.60
3082 58.60
3083 58.62
3084 58.60
3085 58.61
3086 58.61
3087 58.60
3088 58.61
3089 58.59
3090 58.59
3091 58.60
3092 58.60
3093 58.60
3094 58.61
3095 58.61
3096 58.59
3097 58.61
3098 58.61
3099 58.60
3100 58.61
3101 58.61
3102 58.61
3103 58.61
3104 58.61
3105 58.60
3106 58.60
3107 58.60
3108 58.61
3109 58.59
3110 58.60
3111 58.63
3112 58.60
3113 58.61
3114 58.61
3115 58.61
3116 58.61
3117 58.61
3118 58.61
3119 58.60
3120 58.60
3121 58.60
3122 58.60
3123 58.61
3124 58.61
3125 58.62
3126 58.61
3127 58.61
3128 58.61
3129 58.61
3130 58.61
3131 58.61
3132 58.61
3133 58.60
3134 58.61
3135 58.61
3136 58.60
3137 58.60
3138 58.61
3139 58.60
3140 58.61
3141 58.61
3142 58.61
3143 58.61
3144 58.62
3145 58.60
3146 58.61
3147 58.62
3148 58.61
3149 58.61
3150 58.60
3151 58.61
3152 58.60
3153 58.61
3154 58.60
3155 58.62
3156 58.61
3157 58.61
3158 58.62
3159 58.61
3160 58.61
3161 58.60
3162 58.60
3163 58.62
3164 58.61
3165 58.60
3166 58.63
3167 58.60
3168 58.61
3169 58.59
3170 58.62
3171 58.60
3172 58.61
3173 58.61
3174 58.63
3175 58.62
3176 58.61
3177 58.63
3178 58.62
3179 58.62
3180 58.63
3181 58.61
3182 58.63
3183 58.62
3184 58.63
3185 58.62
3186 58.61
3187 58.62
3188 58.62
3189 58.63
3190 58.63
3191 58.63
3192 58.60
3193 58.61
3194 58.63
3195 58.63
3196 58.63
3197 58.62
3198 58.62
3199 58.60
3200 58.60
3201 58.63
3202 58.61
3203 58.61
3204 58.62
3205 58.63
3206 58.61
3207 58.64
3208 58.63
3209 58.63
3210 58.63
3211 58.61
3212 58.61
3213 58.63
3214 58.62
3215 58.63
3216 58.63
3217 58.63
3218 58.63
3219 58.62
3220 58.62
3221 58.63
3222 58.63
3223 58.62
3224 58.65
3225 58.62
3226 58.65
3227 58.63
3228 58.63
3229 58.63
3230 58.63
3231 58.62
3232 58.64
3233 58.62
3234 58.64
3235 58.62
3236 58.62
3237 58.62
3238 58.62
3239 58.63
3240 58.64
3241 58.63
3242 58.62
3243 58.61
3244 58.62
3245 58.64
3246 58.64
3247 58.63
3248 58.63
3249 58.62
3250 58.64
3251 58.62
3252 58.63
3253 58.63
3254 58.64
3255 58.63
3256 58.63
3257 58.62
3258 58.64
3259 58.62
3260 58.64
3261 58.63
3262 58.62
3263 58.61
3264 58.63
3265 58.63
3266 58.61
3267 58.64
3268 58.63
3269 58.64
3270 58.64
3271 58.64
3272 58.66
3273 58.64
3274 58.63
3275 58.65
3276 58.64
3277 58.63
3278 58.65
3279 58.63
3280 58.66
3281 58.62
3282 58.65
3283 58.64
3284 58.66
3285 58.62
3286 58.66
3287 58.64
3288 58.65
3289 58.63
3290 58.65
3291 58.66
3292 58.65
3293 58.66
3294 58.63
3295 58.64
3296 58.62
3297 58.63
3298 58.68
3299 58.63
3300 58.64
3301 58.67
3302 58.66
3303 58.61
3304 58.64
3305 58.62
3306 58.63
3307 58.63
3308 58.63
3309 58.63
3310 58.66
3311 58.64
3312 58.64
3313 58.66
3314 58.63
3315 58.65
3316 58.63
3317 58.62
3318 58.63
3319 58.63
3320 58.64
3321 58.65
3322 58.64
3323 58.66
3324 58.64
3325 58.64
3326 58.63
3327 58.63
3328 58.66
3329 58.66
3330 58.64
3331 58.63
3332 58.64
3333 58.66
3334 58.66
3335 58.65
3336 58.64
3337 58.64
3338 58.66
3339 58.65
3340 58.64
3341 58.66
3342 58.68
3343 58.64
3344 58.68
3345 58.66
3346 58.70
3347 58.70
3348 58.69
3349 58.66
3350 58.66
3351 58.67
3352 58.66
3353 58.65
3354 58.67
3355 58.67
3356 58.67
3357 58.66
3358 58.67
3359 58.66
3360 58.66
3361 58.67
3362 58.65
3363 58.64
3364 58.64
3365 58.66
3366 58.68
3367 58.66
3368 58.68
3369 58.64
3370 58.63
3371 58.68
3372 58.69
3373 58.66
3374 58.67
3375 58.68
3376 58.68
3377 58.66
3378 58.64
3379 58.68
3380 58.68
3381 58.68
3382 58.67
3383 58.67
3384 58.69
3385 58.67
3386 58.68
3387 58.68
3388 58.67
3389 58.64
3390 58.69
3391 58.68
3392 58.69
3393 58.66
3394 58.68
3395 58.66
3396 58.68
3397 58.69
3398 58.70
3399 58.67
3400 58.68
3401 58.66
3402 58.64
3403 58.70
3404 58.68
3405 58.67
3406 58.68
3407 58.68
3408 58.66
3409 58.68
3410 58.68
3411 58.68
3412 58.66
3413 58.66
3414 58.69
3415 58.69
3416 58.67
3417 58.68
3418 58.67
3419 58.69
3420 58.68
3421 58.68
3422 58.70
3423 58.70
3424 58.70
3425 58.70
3426 58.69
3427 58.66
3428 58.66
3429 58.66
3430 58.70
3431 58.69
3432 58.67
3433 58.68
3434 58.68
3435 58.66
3436 58.70
3437 58.67
3438 58.69
3439 58.68
3440 58.68
3441 58.70
3442 58.70
3443 58.68
3444 58.70
3445 58.70
3446 58.67
3447 58.68
3448 58.72
3449 58.69
3450 58.68
3451 58.70
3452 58.72
3453 58.70
3454 58.68
3455 58.68
3456 58.69
3457 58.68
3458 58.68
3459 58.69
3460 58.70
3461 58.70
3462 58.68
3463 58.70
3464 58.69
3465 58.71
3466 58.69
3467 58.71
3468 58.69
3469 58.70
3470 58.68
3471 58.68
3472 58.68
3473 58.68
3474 58.69
3475 58.67
3476 58.70
3477 58.68
3478 58.69
3479 58.69
3480 58.72
3481 58.70
3482 58.69
3483 58.70
3484 58.69
3485 58.69
3486 58.70
3487 58.68
3488 58.70
3489 58.68
3490 58.70
3491 58.70
3492 58.71
3493 58.68
3494 58.69
3495 58.72
3496 58.70
3497 58.72
3498 58.72
3499 58.72
3500 58.73
3501 58.66
3502 58.70
3503 58.70
3504 58.70
3505 58.69
3506 58.72
3507 58.72
3508 58.71
3509 58.72
3510 58.72
3511 58.70
3512 58.71
3513 58.70
3514 58.69
3515 58.69
3516 58.75
3517 58.72
3518 58.69
3519 58.71
3520 58.71
3521 58.72
3522 58.73
3523 58.72
3524 58.71
3525 58.70
3526 58.68
3527 58.70
3528 58.70
3529 58.72
3530 58.69
3531 58.74
3532 58.72
3533 58.70
3534 58.66
3535 58.72
3536 58.72
3537 58.70
3538 58.71
3539 58.72
3540 58.70
3541 58.76
3542 58.72
3543 58.74
3544 58.72
3545 58.71
3546 58.70
3547 58.70
3548 58.70
3549 58.70
3550 58.69
3551 58.70
3552 58.70
3553 58.70
3554 58.72
3555 58.71
3556 58.72
3557 58.72
3558 58.74
3559 58.73
3560 58.69
3561 58.74
3562 58.73
3563 58.73
3564 58.73
3565 58.73
3566 58.72
3567 58.72
3568 58.73
3569 58.72
3570 58.73
3571 58.72
3572 58.73
3573 58.70
3574 58.71
3575 58.72
3576 58.73
3577 58.71
3578 58.72
3579 58.74
3580 58.73
3581 58.74
3582 58.74
3583 58.73
3584 58.75
3585 58.73
3586 58.70
3587 58.71
3588 58.74
3589 58.72
3590 58.74
3591 58.75
3592 58.75
3593 58.74
3594 58.73
3595 58.74
3596 58.75
3597 58.73
3598 58.73
3599 58.75
3600 58.74
3601 58.75
3602 58.74
3603 58.75
3604 58.71
3605 58.73
3606 58.77
3607 58.73
3608 58.73
3609 58.75
3610 58.75
3611 58.75
3612 58.76
3613 58.74
3614 58.75
3615 58.75
3616 58.74
3617 58.74
3618 58.74
3619 58.74
3620 58.73
3621 58.75
3622 58.75
3623 58.73
3624 58.73
3625 58.73
3626 58.75
3627 58.74
3628 58.71
3629 58.72
3630 58.76
3631 58.77
3632 58.75
3633 58.75
3634 58.77
3635 58.75
3636 58.74
3637 58.75
3638 58.73
3639 58.75
3640 58.73
3641 58.77
3642 58.75
3643 58.77
3644 58.77
3645 58.74
3646 58.74
3647 58.74
3648 58.79
3649 58.75
3650 58.75
3651 58.76
3652 58.77
3653 58.73
3654 58.74
3655 58.75
3656 58.75
3657 58.78
3658 58.72
3659 58.74
3660 58.75
3661 58.78
3662 58.76
3663 58.75
3664 58.74
3665 58.76
3666 58.74
3667 58.73
3668 58.77
3669 58.74
3670 58.75
3671 58.73
3672 58.74
3673 58.76
3674 58.76
3675 58.79
3676 58.74
3677 58.75
3678 58.75
3679 58.74
3680 58.76
3681 58.76
3682 58.73
3683 58.75
3684 58.75
3685 58.76
3686 58.76
3687 58.76
3688 58.76
3689 58.74
3690 58.76
3691 58.76
3692 58.74
3693 58.77
3694 58.78
3695 58.80
3696 58.75
3697 58.78
3698 58.74
3699 58.75
3700 58.75
3701 58.79
3702 58.77
3703 58.76
3704 58.76
3705 58.76
3706 58.77
3707 58.80
3708 58.75
3709 58.76
3710 58.77
3711 58.77
3712 58.77
3713 58.76
3714 58.74
3715 58.76
3716 58.77
3717 58.79
3718 58.75
3719 58.73
3720 58.75
3721 58.77
3722 58.76
3723 58.76
3724 58.78
3725 58.76
3726 58.75
3727 58.77
3728 58.76
3729 58.77
3730 58.77
3731 58.78
3732 58.76
3733 58.77
3734 58.77
3735 58.74
3736 58.78
3737 58.77
3738 58.79
3739 58.78
3740 58.76
3741 58.77
3742 58.77
3743 58.77
3744 58.77
3745 58.77
3746 58.81
3747 58.79
3748 58.79
3749 58.79
3750 58.77
3751 58.77
3752 58.76
3753 58.79
3754 58.78
3755 58.80
3756 58.77
3757 58.78
3758 58.78
3759 58.77
3760 58.77
3761 58.78
3762 58.77
3763 58.79
3764 58.77
3765 58.75
3766 58.79
3767 58.79
3768 58.78
3769 58.75
3770 58.79
3771 58.77
3772 58.78
3773 58.80
3774 58.80
3775 58.79
3776 58.78
3777 58.78
3778 58.77
3779 58.79
3780 58.79
3781 58.79
3782 58.79
3783 58.79
3784 58.79
3785 58.76
3786 58.79
3787 58.79
3788 58.77
3789 58.79
3790 58.80
3791 58.78
3792 58.77
3793 58.79
3794 58.80
3795 58.75
3796 58.79
3797 58.80
3798 58.77
3799 58.80
3800 58.79
3801 58.81
3802 58.77
3803 58.77
3804 58.80
3805 58.80
3806 58.79
3807 58.82
3808 58.80
3809 58.80
3810 58.79
3811 58.79
3812 58.79
3813 58.79
3814 58.80
3815 58.76
3816 58.80
3817 58.80
3818 58.82
3819 58.82
3820 58.80
3821 58.80
3822 58.77
3823 58.80
3824 58.78
3825 58.80
3826 58.80
3827 58.81
3828 58.77
3829 58.79
3830 58.79
3831 58.79
3832 58.81
3833 58.80
3834 58.78
3835 58.80
3836 58.77
3837 58.79
3838 58.80
3839 58.79
3840 58.79
3841 58.77
3842 58.80
3843 58.80
3844 58.79
3845 58.79
3846 58.83
3847 58.80
3848 58.80
3849 58.79
3850 58.80
3851 58.80
3852 58.79
3853 58.80
3854 58.80
3855 58.80
3856 58.80
3857 58.80
3858 58.80
3859 58.78
3860 58.80
3861 58.79
3862 58.79
3863 58.76
3864 58.80
3865 58.79
3866 58.81
3867 58.81
3868 58.80
3869 58.79
3870 58.81
3871 58.82
3872 58.81
3873 58.80
3874 58.81
3875 58.80
3876 58.78
3877 58.81
3878 58.81
3879 58.82
3880 58.79
3881 58.78
3882 58.80
3883 58.81
3884 58.79
3885 58.79
3886 58.78
3887 58.80
3888 58.80
3889 58.80
3890 58.79
3891 58.81
3892 58.81
3893 58.79
3894 58.80
3895 58.79
3896 58.81
3897 58.80
3898 58.79
3899 58.82
3900 58.80
3901 58.81
3902 58.80
3903 58.81
3904 58.80
3905 58.81
3906 58.83
3907 58.82
3908 58.81
3909 58.83
3910 58.81
3911 58.80
3912 58.80
3913 58.80
3914 58.80
3915 58.80
3916 58.82
3917 58.80
3918 58.81
3919 58.82
3920 58.82
3921 58.80
3922 58.81
3923 58.81
3924 58.81
3925 58.81
3926 58.81
3927 58.81
3928 58.83
3929 58.82
3930 58.81
3931 58.81
3932 58.81
3933 58.82
3934 58.80
3935 58.78
3936 58.79
3937 58.80
3938 58.82
3939 58.80
3940 58.83
3941 58.81
3942 58.81
3943 58.80
3944 58.82
3945 58.81
3946 58.81
3947 58.82
3948 58.82
3949 58.82
3950 58.80
3951 58.82
3952 58.83
3953 58.81
3954 58.82
3955 58.82
3956 58.82
3957 58.82
3958 58.82
3959 58.82
3960 58.82
3961 58.82
3962 58.79
3963 58.80
3964 58.82
3965 58.82
3966 58.80
3967 58.82
3968 58.83
3969 58.82
3970 58.82
3971 58.82
3972 58.80
3973 58.82
3974 58.82
3975 58.80
3976 58.82
3977 58.80
3978 58.82
3979 58.82
3980 58.82
3981 58.82
3982 58.82
3983 58.81
3984 58.81
3985 58.82
3986 58.82
3987 58.81
3988 58.82
3989 58.82
3990 58.80
3991 58.82
3992 58.80
3993 58.82
3994 58.80
3995 58.81
3996 58.82
3997 58.81
3998 58.81
3999 58.82
4000 58.81
4001 58.81
4002 58.81
4003 58.82
4004 58.82
4005 58.83
4006 58.81
4007 58.83
4008 58.81
4009 58.81
4010 58.80
4011 58.83
4012 58.82
4013 58.82
4014 58.80
4015 58.81
4016 58.82
4017 58.80
4018 58.82
4019 58.82
4020 58.82
4021 58.81
4022 58.79
4023 58.81
4024 58.82
4025 58.82
4026 58.81
4027 58.82
4028 58.81
4029 58.82
4030 58.80
4031 58.81
4032 58.80
4033 58.82
4034 58.81
4035 58.80
4036 58.82
4037 58.82
4038 58.81
4039 58.82
4040 58.82
4041 58.80
4042 58.81
4043 58.82
4044 58.81
4045 58.81
4046 58.81
4047 58.80
4048 58.81
4049 58.82
4050 58.81
4051 58.82
4052 58.82
4053 58.80
4054 58.81
4055 58.81
4056 58.82
4057 58.81
4058 58.82
4059 58.83
4060 58.83
4061 58.80
4062 58.82
4063 58.83
4064 58.81
4065 58.81
4066 58.82
4067 58.82
4068 58.82
4069 58.81
4070 58.82
4071 58.81
4072 58.82
4073 58.82
4074 58.82
4075 58.81
4076 58.82
4077 58.80
4078 58.82
4079 58.81
4080 58.81
4081 58.81
4082 58.82
4083 58.80
4084 58.80
4085 58.82
4086 58.83
4087 58.80
4088 58.82
4089 58.82
4090 58.81
4091 58.82
4092 58.82
4093 58.82
4094 58.82
4095 58.82
4096 58.82
4097 58.82
4098 58.81
4099 58.80
4100 58.82
4101 58.82
4102 58.82
4103 58.83
4104 58.82
4105 58.82
4106 58.80
4107 58.82
4108 58.82
4109 58.81
4110 58.82
4111 58.82
4112 58.83
4113 58.81
4114 58.79
4115 58.82
4116 58.82
4117 58.83
4118 58.82
4119 58.83
4120 58.82
4121 58.81
4122 58.83
4123 58.82
4124 58.82
4125 58.82
4126 58.81
4127 58.82
4128 58.82
4129 58.80
4130 58.82
4131 58.82
4132 58.83
4133 58.82
4134 58.81
4135 58.81
4136 58.82
4137 58.82
4138 58.82
4139 58.82
4140 58.82
4141 58.81
4142 58.84
4143 58.83
4144 58.84
4145 58.82
4146 58.83
4147 58.82
4148 58.82
4149 58.80
4150 58.82
4151 58.80
4152 58.82
4153 58.83
4154 58.82
4155 58.82
4156 58.83
4157 58.83
4158 58.83
4159 58.82
4160 58.83
4161 58.82
4162 58.83
4163 58.82
4164 58.83
4165 58.82
4166 58.82
4167 58.83
4168 58.81
4169 58.82
4170 58.82
4171 58.83
4172 58.82
4173 58.84
4174 58.82
4175 58.82
4176 58.82
4177 58.82
4178 58.83
4179 58.82
4180 58.82
4181 58.81
4182 58.82
4183 58.83
4184 58.83
4185 58.83
4186 58.81
4187 58.84
4188 58.83
4189 58.82
4190 58.83
4191 58.83
4192 58.81
4193 58.82
4194 58.82
4195 58.83
4196 58.84
4197 58.82
4198 58.82
4199 58.83
4200 58.82
4201 58.83
4202 58.82
4203 58.84
4204 58.82
4205 58.81
4206 58.82
4207 58.83
4208 58.82
4209 58.83
4210 58.82
4211 58.82
4212 58.83
4213 58.82
4214 58.83
4215 58.82
4216 58.83
4217 58.83
4218 58.82
4219 58.83
4220 58.83
4221 58.82
4222 58.83
4223 58.83
4224 58.83
4225 58.81
4226 58.82
4227 58.82
4228 58.82
4229 58.84
4230 58.82
4231 58.83
4232 58.83
4233 58.82
4234 58.83
4235 58.83
4236 58.83
4237 58.81
4238 58.83
4239 58.81
4240 58.82
4241 58.82
4242 58.82
4243 58.83
4244 58.83
4245 58.82
4246 58.82
4247 58.83
4248 58.82
4249 58.82
4250 58.81
4251 58.82
4252 58.82
4253 58.83
4254 58.82
4255 58.81
4256 58.82
4257 58.83
4258 58.82
4259 58.80
4260 58.82
4261 58.82
4262 58.82
4263 58.83
4264 58.82
4265 58.82
4266 58.84
4267 58.82
4268 58.83
4269 58.83
4270 58.82
4271 58.82
4272 58.83
4273 58.81
4274 58.82
4275 58.82
4276 58.84
4277 58.83
4278 58.83
4279 58.84
4280 58.83
4281 58.83
4282 58.82
4283 58.82
4284 58.82
4285 58.81
4286 58.83
4287 58.82
4288 58.84
4289 58.82
4290 58.82
4291 58.83
4292 58.83
4293 58.83
4294 58.83
4295 58.83
4296 58.82
4297 58.84
4298 58.83
4299 58.83
4300 58.83
4301 58.82
4302 58.83
4303 58.82
4304 58.84
4305 58.83
4306 58.82
4307 58.83
4308 58.83
4309 58.82
4310 58.83
4311 58.82
4312 58.81
4313 58.82
4314 58.82
4315 58.83
4316 58.82
4317 58.83
4318 58.83
4319 58.82
4320 58.82
4321 58.83
4322 58.83
4323 58.82
4324 58.82
4325 58.83
4326 58.83
4327 58.83
4328 58.82
4329 58.82
4330 58.83
4331 58.82
4332 58.83
4333 58.82
4334 58.82
4335 58.82
4336 58.83
4337 58.84
4338 58.83
4339 58.82
4340 58.83
4341 58.82
4342 58.82
4343 58.82
4344 58.83
4345 58.82
4346 58.82
4347 58.81
4348 58.82
4349 58.83
4350 58.84
4351 58.83
4352 58.82
4353 58.82
4354 58.83
4355 58.82
4356 58.82
4357 58.82
4358 58.83
4359 58.81
4360 58.83
4361 58.84
4362 58.83
4363 58.82
4364 58.83
4365 58.81
4366 58.82
4367 58.83
4368 58.82
4369 58.83
4370 58.83
4371 58.82
4372 58.84
4373 58.84
4374 58.83
4375 58.82
4376 58.82
4377 58.82
4378 58.83
4379 58.84
4380 58.83
4381 58.82
4382 58.82
4383 58.83
4384 58.82
4385 58.82
4386 58.82
4387 58.83
4388 58.83
4389 58.82
4390 58.82
4391 58.82
4392 58.83
4393 58.82
4394 58.82
4395 58.83
4396 58.82
4397 58.83
4398 58.83
4399 58.82
4400 58.82
4401 58.83
4402 58.82
4403 58.83
4404 58.83
4405 58.83
4406 58.82
4407 58.82
4408 58.83
4409 58.82
4410 58.83
4411 58.82
4412 58.83
4413 58.83
4414 58.82
4415 58.83
4416 58.82
4417 58.83
4418 58.84
4419 58.84
4420 58.82
4421 58.83
4422 58.82
4423 58.82
4424 58.83
4425 58.83
4426 58.82
4427 58.83
4428 58.83
4429 58.82
4430 58.83
4431 58.83
4432 58.82
4433 58.82
4434 58.82
4435 58.82
4436 58.82
4437 58.82
4438 58.83
4439 58.83
4440 58.83
4441 58.83
4442 58.83
4443 58.82
4444 58.82
4445 58.83
4446 58.83
4447 58.81
4448 58.82
4449 58.82
4450 58.83
4451 58.81
4452 58.82
4453 58.83
4454 58.84
4455 58.82
4456 58.82
4457 58.83
4458 58.83
4459 58.83
4460 58.82
4461 58.83
4462 58.84
4463 58.84
4464 58.83
4465 58.83
4466 58.82
4467 58.83
4468 58.82
4469 58.83
4470 58.83
4471 58.83
4472 58.83
4473 58.83
4474 58.83
4475 58.83
4476 58.84
4477 58.80
4478 58.83
4479 58.83
4480 58.83
4481 58.83
4482 58.82
4483 58.83
4484 58.82
4485 58.82
4486 58.83
4487 58.83
4488 58.83
4489 58.81
4490 58.82
4491 58.81
4492 58.82
4493 58.83
4494 58.82
4495 58.82
4496 58.83
4497 58.83
4498 58.82
4499 58.82
4500 58.82
4501 58.82
4502 58.82
4503 58.84
4504 58.83
4505 58.83
4506 58.81
4507 58.82
4508 58.84
4509 58.82
4510 58.83
4511 58.84
4512 58.83
4513 58.82
4514 58.81
4515 58.82
4516 58.82
4517 58.82
4518 58.82
4519 58.84
4520 58.82
4521 58.83
4522 58.81
4523 58.82
4524 58.81
4525 58.82
4526 58.83
4527 58.84
4528 58.82
4529 58.83
4530 58.83
4531 58.81
4532 58.82
4533 58.82
4534 58.82
4535 58.83
4536 58.82
4537 58.83
4538 58.83
4539 58.82
4540 58.83
4541 58.83
4542 58.80
4543 58.83
4544 58.83
4545 58.83
4546 58.80
4547 58.83
4548 58.82
4549 58.82
4550 58.83
4551 58.82
4552 58.83
4553 58.82
4554 58.83
4555 58.82
4556 58.82
4557 58.82
4558 58.82
4559 58.81
4560 58.83
4561 58.82
4562 58.82
4563 58.82
4564 58.84
4565 58.83
4566 58.82
4567 58.82
4568 58.83
4569 58.83
4570 58.82
4571 58.83
4572 58.83
4573 58.83
4574 58.83
4575 58.82
4576 58.82
4577 58.84
4578 58.81
4579 58.82
4580 58.83
4581 58.83
4582 58.82
4583 58.83
4584 58.83
4585 58.82
4586 58.82
4587 58.82
4588 58.82
4589 58.83
4590 58.83
4591 58.83
4592 58.82
4593 58.83
4594 58.83
4595 58.83
4596 58.83
4597 58.84
4598 58.82
4599 58.83
4600 58.83
4601 58.82
4602 58.82
4603 58.84
4604 58.83
4605 58.83
4606 58.83
4607 58.82
4608 58.83
4609 58.83
4610 58.82
4611 58.82
4612 58.84
4613 58.84
4614 58.83
4615 58.82
4616 58.82
4617 58.83
4618 58.84
4619 58.82
4620 58.82
4621 58.84
4622 58.84
4623 58.83
4624 58.83
4625 58.82
4626 58.83
4627 58.82
4628 58.83
4629 58.83
4630 58.82
4631 58.83
4632 58.83
4633 58.83
4634 58.81
4635 58.83
4636 58.82
4637 58.82
4638 58.83
4639 58.83
4640 58.83
4641 58.82
4642 58.80
4643 58.82
4644 58.83
4645 58.82
4646 58.83
4647 58.82
4648 58.83
4649 58.83
4650 58.83
4651 58.83
4652 58.83
4653 58.82
4654 58.82
4655 58.82
4656 58.83
4657 58.82
4658 58.83
4659 58.82
4660 58.83
4661 58.83
4662 58.83
4663 58.82
4664 58.83
4665 58.83
4666 58.83
4667 58.83
4668 58.83
4669 58.82
4670 58.83
4671 58.82
4672 58.82
4673 58.82
4674 58.83
4675 58.84
4676 58.82
4677 58.83
4678 58.83
4679 58.83
4680 58.81
4681 58.83
4682 58.83
4683 58.82
4684 58.82
4685 58.80
4686 58.83
4687 58.81
4688 58.83
4689 58.84
4690 58.83
4691 58.82
4692 58.82
4693 58.83
4694 58.82
4695 58.83
4696 58.82
4697 58.82
4698 58.82
4699 58.83
4700 58.83
4701 58.82
4702 58.83
4703 58.83
4704 58.82
4705 58.82
4706 58.84
4707 58.82
4708 58.83
4709 58.82
4710 58.83
4711 58.82
4712 58.82
4713 58.82
4714 58.83
4715 58.81
4716 58.82
4717 58.83
4718 58.83
4719 58.82
4720 58.82
4721 58.82
4722 58.82
4723 58.82
4724 58.82
4725 58.83
4726 58.82
4727 58.82
4728 58.82
4729 58.83
4730 58.83
4731 58.83
4732 58.82
4733 58.83
4734 58.84
4735 58.82
4736 58.83
4737 58.82
4738 58.82
4739 58.82
4740 58.83
4741 58.83
4742 58.82
4743 58.84
4744 58.83
4745 58.82
4746 58.81
4747 58.83
4748 58.83
4749 58.83
4750 58.82
4751 58.83
4752 58.82
4753 58.83
4754 58.83
4755 58.82
4756 58.82
4757 58.83
4758 58.83
4759 58.82
4760 58.83
4761 58.84
4762 58.82
4763 58.82
4764 58.82
4765 58.82
4766 58.82
4767 58.83
4768 58.83
4769 58.81
4770 58.83
4771 58.82
4772 58.82
4773 58.84
4774 58.82
4775 58.83
4776 58.82
4777 58.83
4778 58.82
4779 58.83
4780 58.82
4781 58.83
4782 58.83
4783 58.83
4784 58.82
4785 58.82
4786 58.83
4787 58.84
4788 58.83
4789 58.83
4790 58.83
4791 58.83
4792 58.84
4793 58.83
4794 58.83
4795 58.82
4796 58.82
4797 58.82
4798 58.83
4799 58.82
4800 58.83
4801 58.82
4802 58.82
4803 58.83
4804 58.84
4805 58.83
4806 58.84
4807 58.84
4808 58.82
4809 58.83
4810 58.82
4811 58.81
4812 58.83
4813 58.82
4814 58.83
4815 58.83
4816 58.83
4817 58.83
4818 58.82
4819 58.82
4820 58.81
4821 58.83
4822 58.82
4823 58.82
4824 58.83
4825 58.83
4826 58.83
4827 58.83
4828 58.82
4829 58.83
4830 58.83
4831 58.83
4832 58.83
4833 58.82
4834 58.84
4835 58.82
4836 58.83
4837 58.83
4838 58.83
4839 58.82
4840 58.82
4841 58.82
4842 58.81
4843 58.82
4844 58.82
4845 58.82
4846 58.83
4847 58.81
4848 58.82
4849 58.83
4850 58.82
4851 58.82
4852 58.83
4853 58.83
4854 58.84
4855 58.83
4856 58.84
4857 58.82
4858 58.82
4859 58.83
4860 58.83
4861 58.82
4862 58.82
4863 58.83
4864 58.84
4865 58.82
4866 58.82
4867 58.82
4868 58.83
4869 58.83
4870 58.82
4871 58.82
4872 58.84
4873 58.83
4874 58.82
4875 58.81
4876 58.81
4877 58.83
4878 58.83
4879 58.82
4880 58.83
4881 58.83
4882 58.82
4883 58.83
4884 58.82
4885 58.83
4886 58.82
4887 58.82
4888 58.82
4889 58.82
4890 58.82
4891 58.83
4892 58.83
4893 58.83
4894 58.83
4895 58.83
4896 58.83
4897 58.81
4898 58.82
4899 58.83
4900 58.80
4901 58.83
4902 58.82
4903 58.82
4904 58.82
4905 58.83
4906 58.83
4907 58.83
4908 58.82
4909 58.83
4910 58.83
4911 58.83
4912 58.82
4913 58.83
4914 58.83
4915 58.82
4916 58.83
4917 58.82
4918 58.83
4919 58.83
4920 58.82
4921 58.83
4922 58.82
4923 58.82
4924 58.81
4925 58.82
4926 58.82
4927 58.83
4928 58.82
4929 58.83
4930 58.82
4931 58.83
4932 58.82
4933 58.81
4934 58.82
4935 58.83
4936 58.83
4937 58.82
4938 58.84
4939 58.83
4940 58.83
4941 58.82
4942 58.83
4943 58.82
4944 58.84
4945 58.83
4946 58.84
4947 58.83
4948 58.82
4949 58.82
4950 58.81
4951 58.83
4952 58.83
4953 58.82
4954 58.83
4955 58.82
4956 58.84
4957 58.82
4958 58.83
4959 58.82
4960 58.83
4961 58.84
4962 58.83
4963 58.83
4964 58.83
4965 58.83
4966 58.82
4967 58.82
4968 58.83
4969 58.82
4970 58.83
4971 58.81
4972 58.82
4973 58.83
4974 58.82
4975 58.82
4976 58.83
4977 58.82
4978 58.82
4979 58.82
4980 58.84
4981 58.82
4982 58.83
4983 58.84
4984 58.83
4985 58.81
4986 58.83
4987 58.83
4988 58.83
4989 58.83
4990 58.83
4991 58.84
4992 58.82
4993 58.83
4994 58.83
4995 58.82
4996 58.83
4997 58.82
4998 58.83
4999 58.82
5000 58.83
5001 58.82
5002 58.82
5003 58.83
5004 58.83
5005 58.83
5006 58.83
5007 58.83
5008 58.82
5009 58.83
5010 58.82
5011 58.83
5012 58.83
5013 58.83
5014 58.83
5015 58.82
5016 58.83
5017 58.82
5018 58.83
5019 58.82
5020 58.83
5021 58.80
5022 58.82
5023 58.82
5024 58.83
5025 58.84
5026 58.82
5027 58.83
5028 58.83
5029 58.83
5030 58.83
5031 58.83
5032 58.83
5033 58.84
5034 58.82
5035 58.83
5036 58.83
5037 58.82
5038 58.82
5039 58.82
5040 58.83
5041 58.82
5042 58.83
5043 58.82
5044 58.82
5045 58.83
5046 58.82
5047 58.82
5048 58.83
5049 58.82
5050 58.82
5051 58.82
5052 58.82
5053 58.84
5054 58.83
5055 58.82
5056 58.84
5057 58.83
5058 58.82
5059 58.83
5060 58.82
5061 58.83
5062 58.82
5063 58.83
5064 58.83
5065 58.81
5066 58.82
5067 58.81
5068 58.82
5069 58.82
5070 58.83
5071 58.83
5072 58.84
5073 58.82
5074 58.82
5075 58.83
5076 58.82
5077 58.82
5078 58.83
5079 58.84
5080 58.83
5081 58.83
5082 58.83
5083 58.83
5084 58.82
5085 58.82
5086 58.83
5087 58.82
5088 58.82
5089 58.82
5090 58.82
5091 58.82
5092 58.82
5093 58.82
5094 58.82
5095 58.83
5096 58.83
5097 58.83
5098 58.82
5099 58.82
5100 58.84
5101 58.81
5102 58.84
5103 58.81
5104 58.83
5105 58.82
5106 58.82
5107 58.82
5108 58.82
5109 58.83
5110 58.83
5111 58.82
5112 58.83
5113 58.83
5114 58.83
5115 58.83
5116 58.82
5117 58.82
5118 58.83
5119 58.84
5120 58.83
5121 58.82
5122 58.82
5123 58.84
5124 58.82
5125 58.83
5126 58.83
5127 58.82
5128 58.82
5129 58.83
5130 58.83
5131 58.81
5132 58.83
5133 58.83
5134 58.82
5135 58.84
5136 58.83
5137 58.84
5138 58.82
5139 58.83
5140 58.83
5141 58.83
5142 58.83
5143 58.82
5144 58.83
5145 58.83
5146 58.84
5147 58.83
5148 58.82
5149 58.83
5150 58.82
5151 58.83
5152 58.82
5153 58.83
5154 58.83
5155 58.84
5156 58.83
5157 58.83
5158 58.82
5159 58.84
5160 58.82
5161 58.84
5162 58.82
5163 58.84
5164 58.84
5165 58.83
5166 58.84
5167 58.84
5168 58.82
5169 58.84
5170 58.83
5171 58.84
5172 58.82
5173 58.84
5174 58.84
5175 58.84
5176 58.82
5177 58.83
5178 58.83
5179 58.84
5180 58.83
5181 58.82
5182 58.84
5183 58.84
5184 58.82
5185 58.83
5186 58.81
5187 58.83
5188 58.84
5189 58.83
5190 58.83
5191 58.82
5192 58.83
5193 58.83
5194 58.83
5195 58.83
5196 58.83
5197 58.82
5198 58.84
5199 58.83
5200 58.83
5201 58.83
5202 58.83
5203 58.82
5204 58.84
5205 58.83
5206 58.83
5207 58.82
5208 58.83
5209 58.83
5210 58.83
5211 58.82
5212 58.83
5213 58.82
5214 58.82
5215 58.83
5216 58.83
5217 58.83
5218 58.83
5219 58.83
5220 58.83
5221 58.83
5222 58.83
5223 58.83
5224 58.84
5225 58.83
5226 58.83
5227 58.82
5228 58.81
5229 58.82
5230 58.84
5231 58.84
5232 58.83
5233 58.83
5234 58.83
5235 58.84
5236 58.83
5237 58.83
5238 58.83
5239 58.83
5240 58.82
5241 58.83
5242 58.83
5243 58.82
5244 58.84
5245 58.83
5246 58.83
5247 58.83
5248 58.84
5249 58.83
5250 58.83
5251 58.82
5252 58.83
5253 58.83
5254 58.83
5255 58.82
5256 58.84
5257 58.82
5258 58.83
5259 58.83
5260 58.83
5261 58.82
5262 58.83
5263 58.83
5264 58.83
5265 58.82
5266 58.84
5267 58.83
5268 58.83
5269 58.82
5270 58.83
5271 58.83
5272 58.84
5273 58.82
5274 58.83
5275 58.84
5276 58.83
5277 58.84
5278 58.84
5279 58.83
5280 58.84
5281 58.83
5282 58.84
5283 58.83
5284 58.82
5285 58.83
5286 58.83
5287 58.84
5288 58.84
5289 58.83
5290 58.81
5291 58.84
5292 58.83
5293 58.84
5294 58.84
5295 58.83
5296 58.83
5297 58.82
5298 58.82
5299 58.84
5300 58.83
5301 58.83
5302 58.83
5303 58.84
5304 58.83
5305 58.83
5306 58.83
5307 58.83
5308 58.83
5309 58.83
5310 58.83
5311 58.84
5312 58.84
5313 58.84
5314 58.83
5315 58.84
5316 58.83
5317 58.83
5318 58.84
5319 58.82
5320 58.83
5321 58.83
5322 58.84
5323 58.84
5324 58.83
5325 58.83
5326 58.83
5327 58.83
5328 58.83
5329 58.83
5330 58.84
5331 58.83
5332 58.84
5333 58.83
5334 58.83
5335 58.83
5336 58.84
5337 58.82
5338 58.83
5339 58.83
5340 58.83
5341 58.84
5342 58.83
5343 58.83
5344 58.83
5345 58.83
5346 58.83
5347 58.83
5348 58.83
5349 58.84
5350 58.83
5351 58.83
5352 58.83
5353 58.83
5354 58.83
5355 58.83
5356 58.84
5357 58.84
5358 58.82
5359 58.82
5360 58.83
5361 58.84
5362 58.82
5363 58.83
5364 58.83
5365 58.82
5366 58.84
5367 58.84
5368 58.82
5369 58.83
5370 58.82
5371 58.82
5372 58.83
5373 58.75
5374 58.66
5375 58.59
5376 58.50
5377 58.36
5378 58.28
5379 58.10
5380 58.04
5381 57.85
5382 57.60
5383 57.41
5384 57.35
5385 57.20
5386 57.12
5387 57.11
5388 57.08
5389 56.88
5390 56.86
5391 56.75
5392 56.67
5393 56.64
5394 56.63
5395 56.63
5396 56.53
5397 56.39
5398 56.37
5399 56.28
5400 56.19
5401 56.15
5402 56.14
5403 56.13
5404 56.04
5405 56.02
5406 55.96
5407 55.91
5408 55.90
5409 55.85
5410 55.68
5411 55.66
5412 55.62
5413 55.48
5414 55.41
5415 55.41
5416 55.22
5417 55.14
5418 54.93
5419 54.76
5420 54.68
5421 54.54
5422 54.43
5423 54.23
5424 54.19
5425 54.00
5426 53.93
5427 53.77
5428 53.72
5429 53.71
5430 53.71
5431 53.66
5432 53.48
5433 53.47
5434 53.24
5435 52.99
5436 52.56
5437 52.27
5438 51.83
5439 51.41
5440 50.93
5441 50.38
5442 49.87
5443 49.21
5444 48.70
5445 48.01
5446 47.46
5447 46.81
5448 46.19
5449 45.62
5450 44.97
5451 44.47
5452 43.89
5453 43.31
5454 42.66
5455 42.03
5456 41.43
5457 40.75
5458 40.06
5459 39.41
5460 38.94
5461 38.48
5462 37.97
5463 37.37
5464 36.90
5465 36.45
5466 36.03
5467 35.56
5468 35.09
5469 34.64
5470 34.18
5471 33.61
5472 33.10
5473 32.64
5474 32.19
5475 31.76
5476 31.34
5477 30.97
5478 30.63
5479 30.21
5480 29.77
5481 29.37
5482 29.00
5483 28.65
5484 28.24
5485 28.01
5486 27.60
5487 27.37
5488 26.96
5489 26.71
5490 26.36
5491 26.07
5492 25.86
5493 25.57
5494 25.30
5495 25.03
5496 24.79
5497 24.57
5498 24.34
5499 24.01
5500 23.73
5501 23.51
5502 23.29
5503 23.07
5504 22.86
5505 22.65
5506 22.44
5507 22.23
5508 22.01
5509 21.81
5510 21.60
5511 21.38
5512 21.18
5513 20.97
5514 20.80
5515 20.60
5516 20.41
5517 20.27
5518 20.02
5519 19.84
5520 19.60
5521 19.40
5522 19.17
5523 18.99
5524 18.81
5525 18.64
5526 18.45
5527 18.23
5528 18.03
5529 17.83
5530 17.62
5531 17.41
5532 17.21
5533 17.00
5534 16.79
5535 16.61
5536 16.48
5537 16.37
5538 16.18
5539 16.08
5540 15.97
5541 15.78
5542 15.64
5543 15.54
5544 15.35
5545 15.15
5546 14.96
5547 14.85
5548 14.74
5549 14.55
5550 14.49
5551 14.33
5552 14.16
5553 14.10
5554 13.93
5555 13.81
5556 13.72
5557 13.60
5558 13.46
5559 13.32
5560 13.12
5561 13.03
5562 12.91
5563 12.84
5564 12.72
5565 12.71
5566 12.66
5567 12.53
5568 12.51
5569 12.41
5570 12.31
5571 12.29
5572 12.13
5573 12.10
5574 12.01
5575 11.91
5576 11.90
5577 11.72
5578 11.71
5579 11.60
5580 11.50
5581 11.41
5582 11.30
5583 11.16
5584 11.10
5585 11.01
5586 10.91
5587 10.87
5588 10.71
5589 10.63
5590 10.51
5591 10.50
5592 10.42
5593 10.31
5594 10.29
5595 10.22
5596 10.13
5597 10.11
5598 10.10
5599 10.00
5600 9.91
5601 9.88
5602 9.74
5603 9.71
5604 9.65
5605 9.53
5606 9.51
5607 9.47
5608 9.32
5609 9.30
5610 9.19
