8 5.59
9 5.96
10 6.42
11 6.75
12 7.15
13 7.54
14 7.98
15 8.34
16 8.81
17 9.19
18 9.51
19 9.71
20 9.91
21 10.15
22 10.35
23 11.77
24 15.86
25 20.73
26 25.22
27 28.38
28 30.59
29 32.76
30 35.06
31 36.21
32 36.98
33 37.57
34 37.86
35 38.16
36 38.27
37 38.44
38 38.48
39 38.52
40 38.68
41 38.71
42 38.78
43 38.89
44 38.73
45 38.72
46 38.72
47 38.73
48 39.39
49 40.09
50 41.15
51 42.15
52 43.13
53 44.10
54 44.97
55 45.86
56 46.59
57 47.31
58 47.99
59 48.50
60 49.01
61 49.44
62 49.89
63 50.19
64 50.57
65 50.83
66 51.07
67 51.32
68 51.55
69 51.78
70 51.89
71 52.04
72 52.27
73 52.35
74 52.51
75 52.60
76 52.75
77 52.81
78 52.98
79 53.00
80 53.17
81 53.23
82 53.28
83 53.42
84 53.47
85 53.50
86 53.64
87 53.72
88 53.72
89 53.83
90 53.94
91 53.96
92 54.01
93 54.09
94 54.18
95 54.20
96 54.20
97 54.27
98 54.39
99 54.44
100 54.44
101 54.45
102 54.52
103 54.65
104 54.68
105 54.69
106 54.69
107 54.74
108 54.80
109 54.87
110 54.92
111 54.93
112 54.93
113 54.97
114 55.02
115 55.09
116 55.15
117 55.16
118 55.17
119 55.17
120 55.19
121 55.24
122 55.29
123 55.36
124 55.40
125 55.41
126 55.41
127 55.41
128 55.42
129 55.46
130 55.49
131 55.57
132 55.60
133 55.64
134 55.65
135 55.66
136 55.66
137 55.66
138 55.67
139 55.68
140 55.74
141 55.79
142 55.79
143 55.85
144 55.88
145 55.90
146 55.90
147 55.90
148 55.90
149 55.90
150 55.92
151 55.93
152 55.97
153 56.02
154 56.06
155 56.06
156 56.10
157 56.13
158 56.13
159 56.14
160 56.14
161 56.14
162 56.14
163 56.14
164 56.14
165 56.15
166 56.18
167 56.18
168 56.21
169 56.28
170 56.31
171 56.29
172 56.34
173 56.34
174 56.38
175 56.37
176 56.38
177 56.38
178 56.39
179 56.39
180 56.38
181 56.39
182 56.39
183 56.39
184 56.39
185 56.39
186 56.41
187 56.43
188 56.44
189 56.46
190 56.47
191 56.51
192 56.56
193 56.56
194 56.56
195 56.60
196 56.61
197 56.60
198 56.61
199 56.63
200 56.63
201 56.63
202 56.63
203 56.63
204 56.63
205 56.63
206 56.63
207 56.63
208 56.63
209 56.63
210 56.63
211 56.64
212 56.65
213 56.66
214 56.67
215 56.66
216 56.72
217 56.71
218 56.72
219 56.74
220 56.76
221 56.78
222 56.77
223 56.77
224 56.82
225 56.84
226 56.83
227 56.84
228 56.85
229 56.86
230 56.87
231 56.87
232 56.86
233 56.86
234 56.87
235 56.87
236 56.87
237 56.87
238 56.87
239 56.87
240 56.87
241 56.87
242 56.87
243 56.87
244 56.89
245 56.88
246 56.88
247 56.89
248 56.89
249 56.88
250 56.89
251 56.88
252 56.89
253 56.90
254 56.91
255 56.90
256 56.91
257 56.92
258 56.97
259 56.93
260 56.94
261 56.94
262 56.98
263 56.98
264 56.96
265 56.95
266 56.99
267 57.01
268 57.01
269 57.02
270 57.04
271 57.05
272 57.06
273 57.06
274 57.08
275 57.07
276 57.09
277 57.09
278 57.09
279 57.10
280 57.09
281 57.09
282 57.12
283 57.12
284 57.10
285 57.12
286 57.11
287 57.11
288 57.12
289 57.11
290 57.12
291 57.12
292 57.12
293 57.12
294 57.12
295 57.12
296 57.12
297 57.12
298 57.12
299 57.12
300 57.12
301 57.12
302 57.12
303 57.12
304 57.12
305 57.12
306 57.12
307 57.12
308 57.12
309 57.13
310 57.12
311 57.12
312 57.13
313 57.12
314 57.12
315 57.14
316 57.12
317 57.13
318 57.13
319 57.13
320 57.14
321 57.15
322 57.16
323 57.16
324 57.16
325 57.16
326 57.15
327 57.14
328 57.17
329 57.17
330 57.20
331 57.17
332 57.20
333 57.17
334 57.19
335 57.17
336 57.22
337 57.20
338 57.21
339 57.19
340 57.25
341 57.22
342 57.23
343 57.23
344 57.22
345 57.23
346 57.27
347 57.24
348 57.26
349 57.26
350 57.25
351 57.27
352 57.28
353 57.27
354 57.30
355 57.29
356 57.31
357 57.27
358 57.29
359 57.31
360 57.34
361 57.31
362 57.31
363 57.32
364 57.31
365 57.32
366 57.33
367 57.33
368 57.35
369 57.33
370 57.34
371 57.34
372 57.33
373 57.34
374 57.35
375 57.34
376 57.36
377 57.36
378 57.33
379 57.36
380 57.36
381 57.36
382 57.36
383 57.36
384 57.36
385 57.36
386 57.36
387 57.36
388 57.35
389 57.36
390 57.36
391 57.36
392 57.36
393 57.36
394 57.36
395 57.36
396 57.36
397 57.36
398 57.36
399 57.36
400 57.36
401 57.36
402 57.36
403 57.36
404 57.36
405 57.36
406 57.37
407 57.37
408 57.37
409 57.36
410 57.36
411 57.36
412 57.36
413 57.36
414 57.37
415 57.37
416 57.36
417 57.37
418 57.36
419 57.36
420 57.37
421 57.36
422 57.36
423 57.36
424 57.37
425 57.36
426 57.37
427 57.36
428 57.37
429 57.37
430 57.37
431 57.38
432 57.37
433 57.37
434 57.36
435 57.37
436 57.37
437 57.38
438 57.38
439 57.38
440 57.38
441 57.38
442 57.38
443 57.37
444 57.37
445 57.38
446 57.39
447 57.39
448 57.38
449 57.37
450 57.37
451 57.37
452 57.39
453 57.40
454 57.39
455 57.39
456 57.39
457 57.39
458 57.39
459 57.40
460 57.39
461 57.40
462 57.41
463 57.39
464 57.40
465 57.41
466 57.41
467 57.39
468 57.41
469 57.43
470 57.40
471 57.44
472 57.42
473 57.43
474 57.43
475 57.43
476 57.45
477 57.43
478 57.43
479 57.46
480 57.45
481 57.45
482 57.42
483 57.41
484 57.43
485 57.45
486 57.46
487 57.46
488 57.44
489 57.45
490 57.47
491 57.45
492 57.47
493 57.47
494 57.46
495 57.47
496 57.50
497 57.48
498 57.50
499 57.51
500 57.50
501 57.51
502 57.48
503 57.52
504 57.52
505 57.51
506 57.50
507 57.51
508 57.52
509 57.53
510 57.55
511 57.53
512 57.52
513 57.55
514 57.53
515 57.55
516 57.54
517 57.55
518 57.56
519 57.57
520 57.59
521 57.54
522 57.56
523 57.55
524 57.56
525 57.57
526 57.57
527 57.58
528 57.56
529 57.57
530 57.58
531 57.58
532 57.55
533 57.58
534 57.57
535 57.59
536 57.58
537 57.58
538 57.59
539 57.59
540 57.60
541 57.59
542 57.59
543 57.60
544 57.60
545 57.59
546 57.60
547 57.60
548 57.59
549 57.60
550 57.59
551 57.58
552 57.60
553 57.59
554 57.60
555 57.60
556 57.60
557 57.60
558 57.60
559 57.60
560 57.60
561 57.61
562 57.61
563 57.59
564 57.60
565 57.61
566 57.60
567 57.60
568 57.60
569 57.60
570 57.60
571 57.60
572 57.61
573 57.61
574 57.60
575 57.61
576 57.60
577 57.61
578 57.61
579 57.61
580 57.61
581 57.60
582 57.61
583 57.61
584 57.61
585 57.60
586 57.61
587 57.61
588 57.61
589 57.61
590 57.61
591 57.61
592 57.61
593 57.61
594 57.60
595 57.61
596 57.61
597 57.61
598 57.61
599 57.61
600 57.61
601 57.61
602 57.61
603 57.61
604 57.61
605 57.61
606 57.61
607 57.61
608 57.61
609 57.61
610 57.61
611 57.61
612 57.61
613 57.61
614 57.61
615 57.61
616 57.61
617 57.61
618 57.61
619 57.61
620 57.61
621 57.62
622 57.61
623 57.61
624 57.61
625 57.61
626 57.61
627 57.62
628 57.61
629 57.61
630 57.61
631 57.61
632 57.62
633 57.63
634 57.62
635 57.62
636 57.61
637 57.61
638 57.62
639 57.61
640 57.62
641 57.63
642 57.62
643 57.62
644 57.63
645 57.62
646 57.63
647 57.61
648 57.64
649 57.62
650 57.64
651 57.62
652 57.66
653 57.62
654 57.65
655 57.63
656 57.63
657 57.65
658 57.63
659 57.65
660 57.62
661 57.63
662 57.63
663 57.64
664 57.64
665 57.64
666 57.64
667 57.64
668 57.64
669 57.64
670 57.64
671 57.66
672 57.65
673 57.64
674 57.66
675 57.64
676 57.65
677 57.65
678 57.69
679 57.64
680 57.68
681 57.66
682 57.67
683 57.67
684 57.66
685 57.67
686 57.67
687 57.66
688 57.67
689 57.66
690 57.70
691 57.69
692 57.69
693 57.67
694 57.69
695 57.68
696 57.68
697 57.70
698 57.69
699 57.70
700 57.71
701 57.74
702 57.69
703 57.72
704 57.71
705 57.69
706 57.71
707 57.73
708 57.73
709 57.71
710 57.71
711 57.71
712 57.73
713 57.74
714 57.71
715 57.74
716 57.73
717 57.74
718 57.75
719 57.73
720 57.73
721 57.75
722 57.73
723 57.75
724 57.75
725 57.78
726 57.74
727 57.74
728 57.75
729 57.74
730 57.76
731 57.75
732 57.74
733 57.80
734 57.80
735 57.77
736 57.80
737 57.78
738 57.79
739 57.76
740 57.76
741 57.80
742 57.81
743 57.79
744 57.82
745 57.79
746 57.80
747 57.80
748 57.80
749 57.80
750 57.79
751 57.79
752 57.82
753 57.81
754 57.79
755 57.80
756 57.80
757 57.81
758 57.80
759 57.82
760 57.81
761 57.81
762 57.80
763 57.80
764 57.83
765 57.82
766 57.81
767 57.83
768 57.82
769 57.84
770 57.83
771 57.81
772 57.82
773 57.83
774 57.84
775 57.83
776 57.82
777 57.83
778 57.82
779 57.85
780 57.83
781 57.83
782 57.83
783 57.84
784 57.82
785 57.82
786 57.84
787 57.83
788 57.84
789 57.84
790 57.83
791 57.84
792 57.83
793 57.83
794 57.84
795 57.85
796 57.84
797 57.84
798 57.84
799 57.84
800 57.83
801 57.85
802 57.84
803 57.85
804 57.83
805 57.85
806 57.83
807 57.83
808 57.83
809 57.84
810 57.85
811 57.85
812 57.85
813 57.85
814 57.85
815 57.84
816 57.85
817 57.85
818 57.84
819 57.85
820 57.85
821 57.85
822 57.85
823 57.85
824 57.85
825 57.85
826 57.85
827 57.85
828 57.85
829 57.85
830 57.85
831 57.85
832 57.84
833 57.85
834 57.85
835 57.85
836 57.85
837 57.86
838 57.85
839 57.85
840 57.85
841 57.85
842 57.85
843 57.85
844 57.85
845 57.85
846 57.85
847 57.85
848 57.85
849 57.85
850 57.85
851 57.85
852 57.85
853 57.85
854 57.85
855 57.85
856 57.85
857 57.85
858 57.85
859 57.85
860 57.85
861 57.85
862 57.85
863 57.85
864 57.85
865 57.85
866 57.85
867 57.85
868 57.85
869 57.86
870 57.85
871 57.85
872 57.85
873 57.85
874 57.85
875 57.85
876 57.86
877 57.86
878 57.86
879 57.85
880 57.86
881 57.85
882 57.85
883 57.85
884 57.85
885 57.86
886 57.85
887 57.85
888 57.86
889 57.85
890 57.85
891 57.85
892 57.85
893 57.85
894 57.85
895 57.86
896 57.85
897 57.85
898 57.85
899 57.85
900 57.85
901 57.85
902 57.86
903 57.85
904 57.86
905 57.87
906 57.85
907 57.85
908 57.85
909 57.85
910 57.86
911 57.85
912 57.85
913 57.85
914 57.86
915 57.86
916 57.86
917 57.86
918 57.86
919 57.86
920 57.86
921 57.86
922 57.86
923 57.86
924 57.86
925 57.86
926 57.86
927 57.86
928 57.87
929 57.87
930 57.86
931 57.87
932 57.88
933 57.86
934 57.86
935 57.86
936 57.86
937 57.87
938 57.86
939 57.87
940 57.87
941 57.87
942 57.87
943 57.87
944 57.87
945 57.87
946 57.87
947 57.87
948 57.86
949 57.86
950 57.87
951 57.87
952 57.87
953 57.88
954 57.88
955 57.88
956 57.87
957 57.87
958 57.87
959 57.86
960 57.88
961 57.85
962 57.70
963 57.53
964 57.34
965 57.12
966 56.89
967 56.67
968 56.46
969 56.27
970 55.95
971 55.41
972 54.69
973 53.71
974 52.51
975 51.08
976 49.75
977 48.37
978 47.05
979 45.87
980 44.61
981 43.52
982 42.40
983 41.45
984 40.54
985 39.61
986 38.72
987 37.91
988 37.13
989 36.44
990 35.76
991 35.09
992 34.42
993 33.80
994 33.28
995 32.64
996 32.18
997 31.58
998 31.10
999 30.65
1000 30.20
1001 29.73
1002 29.30
1003 28.89
1004 28.46
1005 28.14
1006 27.79
1007 27.37
1008 26.95
1009 26.66
1010 26.29
1011 25.93
1012 25.64
1013 25.42
1014 25.07
1015 24.78
1016 24.55
1017 24.17
1018 23.92
1019 23.64
1020 23.29
1021 23.06
1022 22.83
1023 22.53
1024 22.24
1025 22.02
1026 21.80
1027 21.57
1028 21.25
1029 20.96
1030 20.75
1031 20.52
1032 20.32
1033 20.11
1034 19.91
1035 19.69
1036 19.50
1037 19.29
1038 19.07
1039 18.88
1040 18.71
1041 18.55
1042 18.33
1043 18.18
1044 17.94
1045 17.80
1046 17.62
1047 17.41
1048 17.21
1049 17.00
1050 16.79
1051 16.59
1052 16.38
1053 16.18
1054 15.99
1055 15.87
1056 15.74
1057 15.56
1058 15.35
1059 15.24
1060 15.15
1061 14.95
1062 14.88
1063 14.72
1064 14.54
1065 14.39
1066 14.32
1067 14.13
1068 13.94
1069 13.87
1070 13.72
1071 13.64
1072 13.52
1073 13.41
1074 13.31
1075 13.13
1076 12.99
1077 12.91
1078 12.72
1079 12.59
1080 12.50
1081 12.37
1082 12.31
1083 12.11
1084 11.98
1085 11.88
1086 11.71
1087 11.69
1088 11.52
1089 11.45
1090 11.31
1091 11.25
1092 11.11
1093 11.09
1094 11.01
1095 10.91
1096 10.85
1097 10.70
1098 10.53
1099 10.39
1100 10.30
1101 10.11
1102 10.10
1103 10.10
1104 9.96
1105 9.91
1106 9.76
1107 9.71
1108 9.56
1109 9.50
1110 9.42
1111 9.31
1112 9.20
1113 9.11
1114 8.93
1115 8.92
1116 8.84
1117 8.73
1118 8.72
1119 8.71
1120 8.69
1121 8.61
1122 8.54
1123 8.52
1124 8.33
1125 8.34
1126 8.64
1127 8.91
1128 9.11
1129 9.31
1130 9.49
1131 9.53
1132 9.69
1133 9.92
1134 10.28
1135 10.45
1136 10.36
1137 10.27
1138 10.08
1139 9.79
1140 9.55
1141 9.34
1142 9.13
1143 8.94
1144 8.90
1145 8.72
1146 8.55
1147 8.52
1148 8.39
1149 8.32
1150 8.18
1151 8.12
1152 8.08
1153 7.94
1154 7.92
1155 7.77
1156 7.73
1157 7.73
1158 8.13
1159 8.64
1160 9.17
1161 9.31
1162 9.31
1163 9.31
1164 9.31
1165 9.26
1166 9.12
1167 9.08
1168 8.92
1169 8.91
1170 8.72
1171 8.60
1172 8.42
1173 8.30
1174 8.12
1175 7.96
1176 7.76
1177 7.67
1178 7.61
1179 7.54
1180 7.43
