1 9.95
2 10.31
3 10.71
4 11.10
5 11.49
6 11.71
7 12.14
8 13.72
9 15.55
10 17.43
11 19.69
12 22.54
13 25.83
14 28.25
15 30.01
16 31.33
17 32.19
18 32.90
19 33.56
20 34.06
21 34.64
22 35.31
23 35.97
24 36.66
25 37.34
26 38.03
27 38.68
28 39.22
29 39.84
30 40.31
31 40.77
32 41.23
33 41.63
34 41.97
35 42.38
36 42.69
37 43.07
38 43.31
39 43.71
40 43.99
41 44.24
42 44.48
43 44.73
44 44.95
45 45.28
46 45.48
47 45.72
48 45.99
49 46.23
50 46.52
51 46.76
52 47.01
53 47.23
54 47.45
55 47.68
56 47.83
57 48.02
58 48.24
59 48.47
60 48.69
61 48.82
62 48.96
63 49.17
64 49.28
65 49.42
66 49.64
67 49.67
68 49.89
69 50.01
70 50.13
71 50.31
72 50.37
73 50.56
74 50.61
75 50.81
76 50.85
77 51.00
78 51.07
79 51.19
80 51.31
81 51.39
82 51.54
83 51.57
84 51.72
85 51.79
86 51.84
87 52.01
88 52.04
89 52.12
90 52.26
91 52.28
92 52.32
93 52.50
94 52.51
95 52.57
96 52.70
97 52.76
98 52.78
99 52.89
100 52.98
101 52.99
102 53.05
103 53.17
104 53.23
105 53.24
106 53.28
107 53.42
108 53.47
109 53.48
110 53.49
111 53.63
112 53.69
113 53.72
114 53.72
115 53.78
116 53.91
117 53.94
118 53.96
119 53.98
120 54.04
121 54.13
122 54.18
123 54.20
124 54.20
125 54.25
126 54.28
127 54.38
128 54.43
129 54.44
130 54.44
131 54.46
132 54.48
133 54.58
134 54.66
135 54.67
136 54.68
137 54.69
138 54.70
139 54.73
140 54.83
141 54.90
142 54.92
143 54.92
144 54.93
145 54.93
146 54.97
147 55.03
148 55.08
149 55.13
150 55.17
151 55.17
152 55.17
153 55.18
154 55.19
155 55.22
156 55.27
157 55.32
158 55.37
159 55.39
160 55.41
161 55.41
162 55.41
163 55.42
164 55.42
165 55.46
166 55.48
167 55.54
168 55.54
169 55.64
170 55.64
171 55.64
172 55.66
173 55.66
174 55.66
175 55.67
176 55.68
177 55.71
178 55.73
179 55.79
180 55.82
181 55.84
182 55.88
183 55.88
184 55.90
185 55.90
186 55.90
187 55.90
188 55.90
189 55.91
190 55.90
191 55.94
192 55.96
193 56.00
194 56.02
195 56.05
196 56.08
197 56.12
198 56.14
199 56.13
200 56.14
201 56.14
202 56.14
203 56.14
204 56.15
205 56.15
206 56.15
207 56.17
208 56.18
209 56.19
210 56.19
211 56.24
212 56.26
213 56.29
214 56.31
215 56.32
216 56.36
217 56.36
218 56.37
219 56.38
220 56.39
221 56.38
222 56.39
223 56.39
224 56.39
225 56.39
226 56.39
227 56.39
228 56.40
229 56.40
230 56.40
231 56.45
232 56.47
233 56.47
234 56.51
235 56.48
236 56.55
237 56.53
238 56.53
239 56.56
240 56.59
241 56.59
242 56.60
243 56.61
244 56.62
245 56.62
246 56.63
247 56.63
248 56.63
249 56.63
250 56.63
251 56.63
252 56.64
253 56.63
254 56.63
255 56.63
256 56.63
257 56.64
258 56.64
259 56.64
260 56.65
261 56.67
262 56.68
263 56.68
264 56.69
265 56.69
266 56.71
267 56.72
268 56.75
269 56.77
270 56.75
271 56.81
272 56.80
273 56.81
274 56.83
275 56.82
276 56.80
277 56.84
278 56.84
279 56.86
280 56.85
281 56.86
282 56.87
283 56.87
284 56.86
285 56.87
286 56.87
287 56.87
288 56.87
289 56.88
290 56.87
291 56.87
292 56.88
293 56.87
294 56.87
295 56.87
296 56.87
297 56.88
298 56.88
299 56.87
300 56.89
301 56.89
302 56.89
303 56.90
304 56.89
305 56.90
306 56.91
307 56.91
308 56.91
309 56.90
310 56.91
311 56.91
312 56.95
313 56.96
314 56.96
315 56.96
316 56.96
317 56.98
318 57.01
319 57.01
320 57.04
321 57.01
322 57.02
323 57.03
324 57.04
325 57.04
326 57.06
327 57.07
328 57.08
329 57.09
330 57.08
331 57.09
332 57.11
333 57.08
334 57.10
335 57.10
336 57.10
337 57.11
338 57.11
339 57.12
340 57.11
341 57.12
342 57.12
343 57.12
344 57.12
345 57.12
346 57.12
347 57.11
348 57.12
349 57.12
350 57.12
351 57.12
352 57.12
353 57.12
354 57.12
355 57.12
356 57.12
357 57.12
358 57.12
359 57.12
360 57.12
361 57.12
362 57.12
363 57.12
364 57.12
365 57.13
366 57.12
367 57.12
368 57.12
369 57.13
370 57.14
371 57.12
372 57.14
373 57.14
374 57.13
375 57.14
376 57.13
377 57.14
378 57.14
379 57.13
380 57.14
381 57.13
382 57.15
383 57.17
384 57.17
385 57.17
386 57.16
387 57.17
388 57.17
389 57.16
390 57.19
391 57.17
392 57.16
393 57.20
394 57.19
395 57.21
396 57.20
397 57.22
398 57.20
399 57.23
400 57.22
401 57.24
402 57.27
403 57.24
404 57.26
405 57.25
406 57.27
407 57.25
408 57.25
409 57.28
410 57.27
411 57.29
412 57.28
413 57.27
414 57.28
415 57.28
416 57.31
417 57.25
418 57.31
419 57.33
420 57.32
421 57.28
422 57.30
423 57.33
424 57.33
425 57.32
426 57.34
427 57.31
428 57.32
429 57.32
430 57.35
431 57.34
432 57.33
433 57.35
434 57.34
435 57.33
436 57.35
437 57.35
438 57.36
439 57.36
440 57.34
441 57.34
442 57.36
443 57.36
444 57.35
445 57.35
446 57.36
447 57.36
448 57.36
449 57.36
450 57.36
451 57.36
452 57.35
453 57.36
454 57.36
455 57.35
456 57.36
457 57.36
458 57.36
459 57.36
460 57.36
461 57.36
462 57.36
463 57.36
464 57.36
465 57.36
466 57.36
467 57.36
468 57.36
469 57.36
470 57.36
471 57.36
472 57.36
473 57.36
474 57.36
475 57.36
476 57.37
477 57.36
478 57.36
479 57.36
480 57.36
481 57.36
482 57.36
483 57.37
484 57.36
485 57.36
486 57.37
487 57.37
488 57.36
489 57.36
490 57.36
491 57.38
492 57.36
493 57.38
494 57.36
495 57.37
496 57.36
497 57.38
498 57.38
499 57.36
500 57.36
501 57.37
502 57.38
503 57.36
504 57.38
505 57.38
506 57.37
507 57.38
508 57.36
509 57.37
510 57.37
511 57.38
512 57.38
513 57.37
514 57.37
515 57.38
516 57.38
517 57.38
518 57.37
519 57.38
520 57.38
521 57.38
522 57.39
523 57.39
524 57.38
525 57.38
526 57.39
527 57.40
528 57.38
529 57.40
530 57.39
531 57.39
532 57.39
533 57.39
534 57.39
535 57.41
536 57.39
537 57.39
538 57.40
539 57.40
540 57.39
541 57.39
542 57.42
543 57.41
544 57.42
545 57.40
546 57.41
547 57.40
548 57.40
549 57.41
550 57.42
551 57.41
552 57.41
553 57.44
554 57.45
555 57.45
556 57.43
557 57.42
558 57.44
559 57.42
560 57.43
561 57.43
562 57.44
563 57.45
564 57.44
565 57.51
566 57.43
567 57.44
568 57.45
569 57.47
570 57.48
571 57.50
572 57.48
573 57.46
574 57.49
575 57.46
576 57.48
577 57.48
578 57.46
579 57.48
580 57.49
581 57.49
582 57.50
583 57.49
584 57.48
585 57.51
586 57.48
587 57.50
588 57.52
589 57.51
590 57.54
591 57.53
592 57.51
593 57.52
594 57.52
595 57.51
596 57.52
597 57.54
598 57.55
599 57.54
600 57.51
601 57.53
602 57.52
603 57.54
604 57.53
605 57.52
606 57.55
607 57.54
608 57.52
609 57.55
610 57.54
611 57.56
612 57.56
613 57.51
614 57.55
615 57.57
616 57.56
617 57.55
618 57.57
619 57.57
620 57.57
621 57.58
622 57.57
623 57.56
624 57.57
625 57.57
626 57.59
627 57.57
628 57.58
629 57.57
630 57.58
631 57.59
632 57.58
633 57.58
634 57.57
635 57.59
636 57.57
637 57.59
638 57.59
639 57.58
640 57.59
641 57.58
642 57.59
643 57.59
644 57.60
645 57.60
646 57.59
647 57.60
648 57.60
649 57.60
650 57.58
651 57.60
652 57.59
653 57.60
654 57.60
655 57.60
656 57.59
657 57.60
658 57.60
659 57.60
660 57.60
661 57.60
662 57.60
663 57.60
664 57.60
665 57.60
666 57.60
667 57.60
668 57.60
669 57.59
670 57.60
671 57.60
672 57.61
673 57.60
674 57.60
675 57.61
676 57.60
677 57.60
678 57.61
679 57.61
680 57.61
681 57.60
682 57.60
683 57.60
684 57.61
685 57.61
686 57.61
687 57.60
688 57.60
689 57.60
690 57.60
691 57.60
692 57.60
693 57.60
694 57.60
695 57.60
696 57.61
697 57.60
698 57.61
699 57.61
700 57.61
701 57.60
702 57.60
703 57.61
704 57.61
705 57.60
706 57.61
707 57.61
708 57.61
709 57.60
710 57.61
711 57.60
712 57.61
713 57.61
714 57.61
715 57.61
716 57.61
717 57.61
718 57.60
719 57.61
720 57.61
721 57.61
722 57.61
723 57.61
724 57.61
725 57.62
726 57.61
727 57.61
728 57.61
729 57.61
730 57.60
731 57.60
732 57.61
733 57.60
734 57.60
735 57.60
736 57.61
737 57.61
738 57.61
739 57.60
740 57.61
741 57.61
742 57.61
743 57.61
744 57.61
745 57.61
746 57.61
747 57.61
748 57.61
749 57.61
750 57.61
751 57.61
752 57.61
753 57.61
754 57.61
755 57.61
756 57.61
757 57.61
758 57.61
759 57.61
760 57.61
761 57.61
762 57.61
763 57.62
764 57.61
765 57.62
766 57.61
767 57.61
768 57.61
769 57.61
770 57.61
771 57.61
772 57.62
773 57.60
774 57.61
775 57.61
776 57.61
777 57.62
778 57.61
779 57.61
780 57.61
781 57.61
782 57.62
783 57.61
784 57.61
785 57.62
786 57.61
787 57.62
788 57.61
789 57.61
790 57.61
791 57.61
792 57.61
793 57.62
794 57.62
795 57.61
796 57.61
797 57.61
798 57.61
799 57.61
800 57.62
801 57.61
802 57.62
803 57.61
804 57.62
805 57.62
806 57.62
807 57.62
808 57.61
809 57.61
810 57.61
811 57.62
812 57.62
813 57.63
814 57.63
815 57.64
816 57.62
817 57.62
818 57.62
819 57.62
820 57.63
821 57.64
822 57.64
823 57.62
824 57.62
825 57.64
826 57.62
827 57.62
828 57.63
829 57.63
830 57.61
831 57.62
832 57.62
833 57.61
834 57.62
835 57.62
836 57.63
837 57.62
838 57.62
839 57.62
840 57.64
841 57.63
842 57.62
843 57.66
844 57.63
845 57.64
846 57.67
847 57.64
848 57.63
849 57.65
850 57.64
851 57.62
852 57.66
853 57.65
854 57.64
855 57.64
856 57.63
857 57.64
858 57.65
859 57.64
860 57.65
861 57.64
862 57.64
863 57.66
864 57.67
865 57.66
866 57.65
867 57.67
868 57.66
869 57.67
870 57.64
871 57.67
872 57.65
873 57.64
874 57.64
875 57.64
876 57.65
877 57.68
878 57.67
879 57.66
880 57.65
881 57.66
882 57.68
883 57.66
884 57.67
885 57.66
886 57.68
887 57.69
888 57.65
889 57.67
890 57.66
891 57.67
892 57.69
893 57.68
894 57.69
895 57.66
896 57.66
897 57.67
898 57.66
899 57.66
900 57.68
901 57.68
902 57.68
903 57.71
904 57.69
905 57.70
906 57.69
907 57.66
908 57.68
909 57.69
910 57.68
911 57.69
912 57.70
913 57.71
914 57.68
915 57.68
916 57.72
917 57.73
918 57.69
919 57.71
920 57.74
921 57.71
922 57.71
923 57.73
924 57.71
925 57.71
926 57.70
927 57.72
928 57.72
929 57.71
930 57.71
931 57.71
932 57.71
933 57.74
934 57.71
935 57.74
936 57.72
937 57.74
938 57.71
939 57.72
940 57.73
941 57.73
942 57.74
943 57.71
944 57.72
945 57.72
946 57.73
947 57.73
948 57.73
949 57.73
950 57.74
951 57.76
952 57.74
953 57.75
954 57.73
955 57.75
956 57.76
957 57.78
958 57.76
959 57.76
960 57.77
961 57.75
962 57.76
963 57.75
964 57.73
965 57.72
966 57.76
967 57.76
968 57.78
969 57.80
970 57.76
971 57.78
972 57.78
973 57.73
974 57.76
975 57.76
976 57.75
977 57.76
978 57.74
979 57.75
980 57.77
981 57.78
982 57.75
983 57.76
984 57.73
985 57.78
986 57.78
987 57.78
988 57.78
989 57.78
990 57.79
991 57.80
992 57.75
993 57.76
994 57.81
995 57.78
996 57.78
997 57.77
998 57.80
999 57.78
1000 57.80
1001 57.81
1002 57.77
1003 57.79
1004 57.79
1005 57.79
1006 57.78
1007 57.79
1008 57.77
1009 57.81
1010 57.80
1011 57.80
1012 57.79
1013 57.81
1014 57.80
1015 57.81
1016 57.81
1017 57.79
1018 57.80
1019 57.81
1020 57.80
1021 57.83
1022 57.83
1023 57.81
1024 57.80
1025 57.81
1026 57.80
1027 57.83
1028 57.81
1029 57.80
1030 57.82
1031 57.82
1032 57.80
1033 57.81
1034 57.81
1035 57.84
1036 57.80
1037 57.83
1038 57.83
1039 57.81
1040 57.80
1041 57.82
1042 57.82
1043 57.83
1044 57.82
1045 57.82
1046 57.85
1047 57.81
1048 57.81
1049 57.83
1050 57.82
1051 57.82
1052 57.85
1053 57.84
1054 57.85
1055 57.81
1056 57.83
1057 57.84
1058 57.84
1059 57.84
1060 57.83
1061 57.85
1062 57.84
1063 57.82
1064 57.85
1065 57.83
1066 57.83
1067 57.83
1068 57.83
1069 57.82
1070 57.83
1071 57.85
1072 57.84
1073 57.84
1074 57.85
1075 57.83
1076 57.84
1077 57.84
1078 57.83
1079 57.82
1080 57.85
1081 57.83
1082 57.85
1083 57.83
1084 57.84
1085 57.85
1086 57.84
1087 57.83
1088 57.84
1089 57.83
1090 57.84
1091 57.85
1092 57.84
1093 57.84
1094 57.83
1095 57.84
1096 57.85
1097 57.85
1098 57.85
1099 57.85
1100 57.84
1101 57.85
1102 57.84
1103 57.85
1104 57.85
1105 57.84
1106 57.84
1107 57.85
1108 57.84
1109 57.85
1110 57.83
1111 57.85
1112 57.85
1113 57.85
1114 57.84
1115 57.84
1116 57.85
1117 57.85
1118 57.85
1119 57.85
1120 57.85
1121 57.85
1122 57.86
1123 57.85
1124 57.85
1125 57.85
1126 57.84
1127 57.85
1128 57.85
1129 57.83
1130 57.85
1131 57.85
1132 57.84
1133 57.85
1134 57.85
1135 57.84
1136 57.85
1137 57.85
1138 57.85
1139 57.85
1140 57.84
1141 57.85
1142 57.85
1143 57.85
1144 57.85
1145 57.85
1146 57.85
1147 57.85
1148 57.85
1149 57.85
1150 57.85
1151 57.85
1152 57.85
1153 57.85
1154 57.85
1155 57.85
1156 57.85
1157 57.85
1158 57.85
1159 57.85
1160 57.86
1161 57.85
1162 57.85
1163 57.85
1164 57.85
1165 57.85
1166 57.85
1167 57.85
1168 57.85
1169 57.85
1170 57.85
1171 57.85
1172 57.85
1173 57.85
1174 57.85
1175 57.85
1176 57.85
1177 57.85
1178 57.85
1179 57.85
1180 57.85
1181 57.85
1182 57.85
1183 57.85
1184 57.85
1185 57.85
1186 57.86
1187 57.85
1188 57.85
1189 57.85
1190 57.85
1191 57.86
1192 57.86
1193 57.85
1194 57.85
1195 57.85
1196 57.85
1197 57.85
1198 57.85
1199 57.85
1200 57.85
1201 57.85
1202 57.85
1203 57.85
1204 57.86
1205 57.85
1206 57.85
1207 57.85
1208 57.85
1209 57.85
1210 57.85
1211 57.85
1212 57.86
1213 57.85
1214 57.85
1215 57.85
1216 57.85
1217 57.85
1218 57.85
1219 57.85
1220 57.85
1221 57.85
1222 57.85
1223 57.85
1224 57.86
1225 57.85
1226 57.85
1227 57.85
1228 57.85
1229 57.85
1230 57.85
1231 57.85
1232 57.85
1233 57.86
1234 57.86
1235 57.85
1236 57.87
1237 57.85
1238 57.85
1239 57.85
1240 57.85
1241 57.85
1242 57.85
1243 57.85
1244 57.85
1245 57.85
1246 57.85
1247 57.85
1248 57.85
1249 57.85
1250 57.85
1251 57.85
1252 57.85
1253 57.85
1254 57.86
1255 57.85
1256 57.85
1257 57.86
1258 57.85
1259 57.85
1260 57.85
1261 57.86
1262 57.86
1263 57.85
1264 57.86
1265 57.86
1266 57.85
1267 57.86
1268 57.86
1269 57.85
1270 57.85
1271 57.87
1272 57.85
1273 57.86
1274 57.85
1275 57.85
1276 57.86
1277 57.85
1278 57.86
1279 57.85
1280 57.86
1281 57.86
1282 57.86
1283 57.85
1284 57.86
1285 57.85
1286 57.86
1287 57.86
1288 57.85
1289 57.86
1290 57.85
1291 57.85
1292 57.86
1293 57.85
1294 57.86
1295 57.85
1296 57.85
1297 57.85
1298 57.85
1299 57.85
1300 57.85
1301 57.86
1302 57.87
1303 57.86
1304 57.85
1305 57.87
1306 57.86
1307 57.86
1308 57.87
1309 57.87
1310 57.87
1311 57.86
1312 57.86
1313 57.86
1314 57.86
1315 57.85
1316 57.85
1317 57.87
1318 57.86
1319 57.86
1320 57.86
1321 57.87
1322 57.86
1323 57.87
1324 57.86
1325 57.86
1326 57.86
1327 57.86
1328 57.87
1329 57.87
1330 57.87
1331 57.86
1332 57.86
1333 57.87
1334 57.87
1335 57.87
1336 57.86
1337 57.85
1338 57.86
1339 57.86
1340 57.87
1341 57.87
1342 57.87
1343 57.87
1344 57.87
1345 57.87
1346 57.86
1347 57.85
1348 57.85
1349 57.86
1350 57.86
1351 57.87
1352 57.87
1353 57.87
1354 57.87
1355 57.87
1356 57.87
1357 57.87
1358 57.86
1359 57.87
1360 57.88
1361 57.87
1362 57.87
1363 57.87
1364 57.87
1365 57.88
1366 57.85
1367 57.86
1368 57.88
1369 57.87
1370 57.86
1371 57.87
1372 57.87
1373 57.88
1374 57.87
1375 57.87
1376 57.87
1377 57.87
1378 57.87
1379 57.88
1380 57.88
1381 57.88
1382 57.87
1383 57.86
1384 57.87
1385 57.88
1386 57.88
1387 57.89
1388 57.87
1389 57.87
1390 57.87
1391 57.91
1392 57.87
1393 57.88
1394 57.89
1395 57.87
1396 57.87
1397 57.86
1398 57.87
1399 57.88
1400 57.86
1401 57.89
1402 57.88
1403 57.87
1404 57.88
1405 57.89
1406 57.90
1407 57.87
1408 57.89
1409 57.91
1410 57.89
1411 57.88
1412 57.89
1413 57.91
1414 57.89
1415 57.88
1416 57.89
1417 57.89
1418 57.88
1419 57.88
1420 57.88
1421 57.88
1422 57.88
1423 57.88
1424 57.90
1425 57.90
1426 57.88
1427 57.88
1428 57.89
1429 57.88
1430 57.88
1431 57.89
1432 57.88
1433 57.89
1434 57.89
1435 57.91
1436 57.90
1437 57.88
1438 57.90
1439 57.90
1440 57.88
1441 57.90
1442 57.90
1443 57.89
1444 57.91
1445 57.88
1446 57.91
1447 57.91
1448 57.90
1449 57.90
1450 57.94
1451 57.93
1452 57.90
1453 57.88
1454 57.91
1455 57.93
1456 57.90
1457 57.92
1458 57.91
1459 57.90
1460 57.91
1461 57.89
1462 57.92
1463 57.90
1464 57.92
1465 57.93
1466 57.94
1467 57.93
1468 57.91
1469 57.94
1470 57.92
1471 57.91
1472 57.90
1473 57.92
1474 57.92
1475 57.90
1476 57.92
1477 57.90
1478 57.94
1479 57.93
1480 57.93
1481 57.93
1482 57.94
1483 57.92
1484 57.93
1485 57.92
1486 57.93
1487 57.96
1488 57.90
1489 57.92
1490 57.92
1491 57.95
1492 57.95
1493 57.95
1494 57.92
1495 57.94
1496 57.92
1497 57.92
1498 57.92
1499 57.95
1500 57.90
1501 57.93
1502 57.94
1503 57.94
1504 57.94
1505 57.93
1506 57.91
1507 57.93
1508 57.95
1509 57.93
1510 57.94
1511 57.91
1512 57.95
1513 57.95
1514 57.94
1515 57.95
1516 57.95
1517 57.96
1518 57.95
1519 57.95
1520 57.93
1521 57.97
1522 57.94
1523 57.95
1524 57.92
1525 57.93
1526 57.99
1527 57.96
1528 57.97
1529 57.99
1530 57.94
1531 57.95
1532 57.99
1533 57.97
1534 57.95
1535 57.96
1536 57.95
1537 57.95
1538 57.93
1539 57.94
1540 57.94
1541 57.92
1542 57.92
1543 57.95
1544 57.99
1545 57.94
1546 57.95
1547 57.94
1548 57.96
1549 57.98
1550 57.95
1551 57.96
1552 57.94
1553 57.94
1554 57.98
1555 57.95
1556 57.95
1557 57.98
1558 57.94
1559 57.98
1560 57.97
1561 57.98
1562 57.98
1563 57.97
1564 57.99
1565 57.97
1566 57.97
1567 57.97
1568 57.97
1569 57.93
1570 57.97
1571 57.99
1572 57.96
1573 57.98
1574 57.96
1575 57.98
1576 58.00
1577 57.99
1578 57.99
1579 58.00
1580 58.01
1581 58.01
1582 57.98
1583 57.99
1584 58.01
1585 57.99
1586 58.01
1587 57.97
1588 58.00
1589 57.99
1590 57.98
1591 58.02
1592 57.98
1593 58.01
1594 57.97
1595 57.98
1596 57.99
1597 58.01
1598 58.01
1599 58.02
1600 58.03
1601 58.05
1602 58.02
1603 57.99
1604 57.97
1605 58.04
1606 58.01
1607 58.01
1608 58.02
1609 57.97
1610 58.01
1611 58.00
1612 58.04
1613 58.02
1614 58.00
1615 57.99
1616 57.99
1617 58.01
1618 58.03
1619 57.98
1620 58.01
1621 58.01
1622 58.03
1623 58.01
1624 58.02
1625 58.01
1626 58.01
1627 58.01
1628 58.02
1629 58.03
1630 58.03
1631 58.01
1632 58.02
1633 58.04
1634 58.01
1635 58.00
1636 58.01
1637 58.03
1638 58.02
1639 58.01
1640 58.02
1641 58.04
1642 58.03
1643 58.02
1644 58.02
1645 58.02
1646 58.03
1647 58.03
1648 58.02
1649 58.03
1650 58.02
1651 58.02
1652 58.03
1653 58.04
1654 58.04
1655 58.03
1656 58.03
1657 58.04
1658 58.04
1659 58.03
1660 58.05
1661 58.02
1662 58.05
1663 58.06
1664 58.04
1665 58.05
1666 58.05
1667 58.03
1668 58.05
1669 58.04
1670 58.02
1671 58.02
1672 58.08
1673 58.07
1674 58.03
1675 58.04
1676 58.03
1677 58.05
1678 58.04
1679 58.02
1680 58.03
1681 58.05
1682 58.03
1683 58.07
1684 58.04
1685 58.06
1686 58.08
1687 58.06
1688 58.04
1689 58.07
1690 58.06
1691 58.08
1692 58.06
1693 58.05
1694 58.05
1695 58.06
1696 58.08
1697 58.06
1698 58.04
1699 58.05
1700 58.05
1701 58.06
1702 58.04
1703 58.06
1704 58.06
1705 58.07
1706 58.07
1707 58.09
1708 58.07
1709 58.06
1710 58.05
1711 58.05
1712 58.07
1713 58.05
1714 58.04
1715 58.08
1716 58.08
1717 58.08
1718 58.08
1719 58.07
1720 58.08
1721 58.08
1722 58.06
1723 58.08
1724 58.06
1725 58.08
1726 58.08
1727 58.07
1728 58.02
1729 58.07
1730 58.07
1731 58.08
1732 58.07
1733 58.06
1734 58.06
1735 58.08
1736 58.08
1737 58.07
1738 58.08
1739 58.07
1740 58.07
1741 58.07
1742 58.05
1743 58.06
1744 58.04
1745 58.07
1746 58.08
1747 58.09
1748 58.08
1749 58.07
1750 58.08
1751 58.08
1752 58.06
1753 58.07
1754 58.08
1755 58.08
1756 58.09
1757 58.08
1758 58.08
1759 58.09
1760 58.08
1761 58.08
1762 58.07
1763 58.08
1764 58.09
1765 58.09
1766 58.08
1767 58.08
1768 58.08
1769 58.08
1770 58.08
1771 58.08
1772 58.09
1773 58.07
1774 58.09
1775 58.09
1776 58.08
1777 58.08
1778 58.09
1779 58.09
1780 58.09
1781 58.09
1782 58.08
1783 58.08
1784 58.09
1785 58.06
1786 58.08
1787 58.10
1788 58.08
1789 58.09
1790 58.08
1791 58.08
1792 58.09
1793 58.08
1794 58.07
1795 58.08
1796 58.10
1797 58.10
1798 58.09
1799 58.08
1800 58.09
1801 58.09
1802 58.10
1803 58.10
1804 58.10
1805 58.09
1806 58.09
1807 58.09
1808 58.10
1809 58.09
1810 58.08
1811 58.10
1812 58.09
1813 58.08
1814 58.08
1815 58.08
1816 58.09
1817 58.09
1818 58.10
1819 58.09
1820 58.08
1821 58.10
1822 58.08
1823 58.09
1824 58.09
1825 58.10
1826 58.08
1827 58.10
1828 58.10
1829 58.09
1830 58.08
1831 58.10
1832 58.09
1833 58.09
1834 58.09
1835 58.09
1836 58.10
1837 58.09
1838 58.09
1839 58.10
1840 58.10
1841 58.08
1842 58.08
1843 58.09
1844 58.09
1845 58.09
1846 58.10
1847 58.10
1848 58.10
1849 58.09
1850 58.10
1851 58.09
1852 58.09
1853 58.09
1854 58.10
1855 58.10
1856 58.09
1857 58.10
1858 58.09
1859 58.10
1860 58.10
1861 58.09
1862 58.10
1863 58.10
1864 58.09
1865 58.09
1866 58.10
1867 58.09
1868 58.09
1869 58.10
1870 58.10
1871 58.09
1872 58.10
1873 58.10
1874 58.10
1875 58.09
1876 58.10
1877 58.10
1878 58.09
1879 58.10
1880 58.10
1881 58.09
1882 58.10
1883 58.09
1884 58.10
1885 58.10
1886 58.09
1887 58.08
1888 58.10
1889 58.10
1890 58.10
1891 58.10
1892 58.10
1893 58.09
1894 58.10
1895 58.10
1896 58.10
1897 58.10
1898 58.10
1899 58.10
1900 58.10
1901 58.10
1902 58.10
1903 58.10
1904 58.10
1905 58.10
1906 58.09
1907 58.09
1908 58.10
1909 58.10
1910 58.10
1911 58.10
1912 58.10
1913 58.10
1914 58.10
1915 58.10
1916 58.10
1917 58.10
1918 58.09
1919 58.10
1920 58.10
1921 58.10
1922 58.10
1923 58.09
1924 58.10
1925 58.10
1926 58.10
1927 58.10
1928 58.10
1929 58.10
1930 58.10
1931 58.09
1932 58.10
1933 58.10
1934 58.10
1935 58.10
1936 58.10
1937 58.10
1938 58.10
1939 58.10
1940 58.10
1941 58.09
1942 58.10
1943 58.10
1944 58.10
1945 58.10
1946 58.10
1947 58.10
1948 58.10
1949 58.10
1950 58.10
1951 58.10
1952 58.10
1953 58.10
1954 58.10
1955 58.10
1956 58.10
1957 58.10
1958 58.10
1959 58.10
1960 58.10
1961 58.10
1962 58.10
1963 58.10
1964 58.10
1965 58.10
1966 58.10
1967 58.10
1968 58.10
1969 58.10
1970 58.10
1971 58.10
1972 58.10
1973 58.10
1974 58.10
1975 58.10
1976 58.10
1977 58.10
1978 58.10
1979 58.10
1980 58.10
1981 58.10
1982 58.10
1983 58.10
1984 58.10
1985 58.10
1986 58.10
1987 58.10
1988 58.10
1989 58.09
1990 58.10
1991 58.11
1992 58.10
1993 58.10
1994 58.10
1995 58.10
1996 58.10
1997 58.10
1998 58.10
1999 58.10
2000 58.10
2001 58.10
2002 58.10
2003 58.10
2004 58.10
2005 58.10
2006 58.10
2007 58.10
2008 58.10
2009 58.10
2010 58.10
2011 58.10
2012 58.10
2013 58.10
2014 58.10
2015 58.10
2016 58.10
2017 58.10
2018 58.10
2019 58.10
2020 58.10
2021 58.11
2022 58.10
2023 58.10
2024 58.10
2025 58.10
2026 58.10
2027 58.10
2028 58.10
2029 58.10
2030 58.10
2031 58.10
2032 58.10
2033 58.10
2034 58.10
2035 58.10
2036 58.10
2037 58.10
2038 58.10
2039 58.10
2040 58.10
2041 58.10
2042 58.10
2043 58.10
2044 58.10
2045 58.10
2046 58.10
2047 58.10
2048 58.10
2049 58.10
2050 58.10
2051 58.10
2052 58.10
2053 58.10
2054 58.10
2055 58.10
2056 58.10
2057 58.10
2058 58.10
2059 58.10
2060 58.10
2061 58.10
2062 58.10
2063 58.10
2064 58.10
2065 58.10
2066 58.10
2067 58.10
2068 58.10
2069 58.11
2070 58.10
2071 58.11
2072 58.11
2073 58.10
2074 58.10
2075 58.11
2076 58.10
2077 58.10
2078 58.10
2079 58.10
2080 58.10
2081 58.10
2082 58.10
2083 58.10
2084 58.10
2085 58.10
2086 58.10
2087 58.10
2088 58.10
2089 58.10
2090 58.10
2091 58.10
2092 58.11
2093 58.11
2094 58.10
2095 58.10
2096 58.11
2097 58.10
2098 58.10
2099 58.10
2100 58.10
2101 58.11
2102 58.10
2103 58.10
2104 58.11
2105 58.10
2106 58.11
2107 58.10
2108 58.10
2109 58.10
2110 58.11
2111 58.11
2112 58.10
2113 58.10
2114 58.11
2115 58.10
2116 58.10
2117 58.10
2118 58.10
2119 58.10
2120 58.11
2121 58.11
2122 58.10
2123 58.11
2124 58.11
2125 58.11
2126 58.10
2127 58.10
2128 58.10
2129 58.11
2130 58.10
2131 58.11
2132 58.11
2133 58.11
2134 58.11
2135 58.10
2136 58.10
2137 58.11
2138 58.11
2139 58.11
2140 58.11
2141 58.11
2142 58.11
2143 58.11
2144 58.12
2145 58.11
2146 58.10
2147 58.11
2148 58.11
2149 58.11
2150 58.11
2151 58.10
2152 58.11
2153 58.10
2154 58.10
2155 58.11
2156 58.11
2157 58.11
2158 58.10
2159 58.10
2160 58.11
2161 58.11
2162 58.11
2163 58.10
2164 58.10
2165 58.10
2166 58.11
2167 58.11
2168 58.11
2169 58.11
2170 58.11
2171 58.11
2172 58.11
2173 58.11
2174 58.11
2175 58.10
2176 58.11
2177 58.12
2178 58.11
2179 58.10
2180 58.12
2181 58.11
2182 58.10
2183 58.11
2184 58.10
2185 58.10
2186 58.10
2187 58.11
2188 58.11
2189 58.11
2190 58.11
2191 58.13
2192 58.12
2193 58.12
2194 58.14
2195 58.11
2196 58.13
2197 58.11
2198 58.11
2199 58.12
2200 58.11
2201 58.13
2202 58.11
2203 58.11
2204 58.12
2205 58.11
2206 58.13
2207 58.12
2208 58.13
2209 58.12
2210 58.13
2211 58.13
2212 58.11
2213 58.12
2214 58.11
2215 58.12
2216 58.13
2217 58.11
2218 58.12
2219 58.11
2220 58.12
2221 58.13
2222 58.13
2223 58.13
2224 58.13
2225 58.13
2226 58.11
2227 58.12
2228 58.13
2229 58.14
2230 58.12
2231 58.10
2232 58.15
2233 58.13
2234 58.13
2235 58.15
2236 58.12
2237 58.13
2238 58.14
2239 58.13
2240 58.12
2241 58.14
2242 58.14
2243 58.11
2244 58.12
2245 58.13
2246 58.11
2247 58.13
2248 58.15
2249 58.14
2250 58.13
2251 58.12
2252 58.13
2253 58.12
2254 58.13
2255 58.14
2256 58.12
2257 58.13
2258 58.14
2259 58.13
2260 58.15
2261 58.15
2262 58.13
2263 58.14
2264 58.13
2265 58.13
2266 58.15
2267 58.15
2268 58.15
2269 58.15
2270 58.17
2271 58.12
2272 58.15
2273 58.13
2274 58.15
2275 58.16
2276 58.15
2277 58.15
2278 58.15
2279 58.15
2280 58.15
2281 58.14
2282 58.14
2283 58.16
2284 58.16
2285 58.14
2286 58.14
2287 58.17
2288 58.17
2289 58.16
2290 58.15
2291 58.16
2292 58.16
2293 58.17
2294 58.19
2295 58.15
2296 58.16
2297 58.18
2298 58.18
2299 58.17
2300 58.17
2301 58.16
2302 58.20
2303 58.18
2304 58.18
2305 58.17
2306 58.19
2307 58.15
2308 58.17
2309 58.15
2310 58.17
2311 58.19
2312 58.17
2313 58.18
2314 58.17
2315 58.18
2316 58.18
2317 58.17
2318 58.18
2319 58.15
2320 58.18
2321 58.19
2322 58.18
2323 58.19
2324 58.20
2325 58.19
2326 58.22
2327 58.17
2328 58.19
2329 58.16
2330 58.18
2331 58.17
2332 58.18
2333 58.20
2334 58.22
2335 58.22
2336 58.21
2337 58.18
2338 58.18
2339 58.20
2340 58.22
2341 58.21
2342 58.18
2343 58.21
2344 58.20
2345 58.20
2346 58.20
2347 58.17
2348 58.19
2349 58.23
2350 58.22
2351 58.21
2352 58.22
2353 58.21
2354 58.24
2355 58.22
2356 58.22
2357 58.18
2358 58.23
2359 58.20
2360 58.20
2361 58.22
2362 58.22
2363 58.24
2364 58.21
2365 58.22
2366 58.22
2367 58.18
2368 58.23
2369 58.22
2370 58.22
2371 58.23
2372 58.24
2373 58.24
2374 58.23
2375 58.25
2376 58.23
2377 58.22
2378 58.24
2379 58.22
2380 58.23
2381 58.25
2382 58.20
2383 58.24
2384 58.22
2385 58.15
2386 57.95
2387 57.83
2388 57.61
2389 57.38
2390 56.99
2391 56.55
2392 55.92
2393 55.26
2394 54.63
2395 53.91
2396 53.10
2397 52.29
2398 51.55
2399 50.80
2400 49.95
2401 49.21
2402 48.55
2403 47.86
2404 47.12
2405 46.44
2406 45.75
2407 45.13
2408 44.46
2409 43.77
2410 43.12
2411 42.60
2412 42.09
2413 41.64
2414 41.18
2415 40.76
2416 40.31
2417 39.86
2418 39.58
2419 39.17
2420 38.89
2421 38.49
2422 38.22
2423 37.81
2424 37.54
2425 37.13
2426 36.85
2427 36.44
2428 36.10
2429 35.76
2430 35.32
2431 34.95
2432 34.64
2433 34.20
2434 33.94
2435 33.53
2436 33.14
2437 32.85
2438 32.42
2439 32.18
2440 31.77
2441 31.44
2442 31.08
2443 30.71
2444 30.43
2445 30.19
2446 29.78
2447 29.55
2448 29.26
2449 28.89
2450 28.66
2451 28.37
2452 28.04
2453 27.81
2454 27.59
2455 27.36
2456 27.10
2457 26.77
2458 26.51
2459 26.29
2460 26.05
2461 25.82
2462 25.55
2463 25.29
2464 25.08
2465 24.78
2466 24.57
2467 24.35
2468 24.14
2469 23.91
2470 23.67
2471 23.45
2472 23.24
2473 22.93
2474 22.77
2475 22.54
2476 22.27
2477 22.04
2478 21.83
2479 21.66
2480 21.49
2481 21.31
2482 21.14
2483 20.95
2484 20.75
2485 20.54
2486 20.35
2487 20.18
2488 19.97
2489 19.72
2490 19.52
2491 19.41
2492 19.27
2493 19.07
2494 18.87
2495 18.69
2496 18.60
2497 18.45
2498 18.26
2499 18.16
2500 18.02
2501 17.82
2502 17.64
2503 17.53
2504 17.38
2505 17.19
2506 17.00
2507 16.86
2508 16.75
2509 16.59
2510 16.41
2511 16.33
2512 16.17
2513 15.97
2514 15.82
2515 15.74
2516 15.56
2517 15.37
2518 15.31
2519 15.15
2520 14.99
2521 14.94
2522 14.76
2523 14.70
2524 14.54
2525 14.45
2526 14.33
2527 14.13
2528 13.99
2529 13.92
2530 13.74
2531 13.72
2532 13.54
2533 13.52
2534 13.39
2535 13.32
2536 13.22
2537 13.11
2538 13.00
2539 12.92
2540 12.88
2541 12.73
2542 12.71
2543 12.57
2544 12.51
2545 12.40
2546 12.31
2547 12.26
2548 12.12
2549 12.09
2550 11.96
2551 11.93
2552 11.91
2553 11.76
2554 11.70
2555 11.55
2556 11.50
2557 11.42
2558 11.35
2559 11.30
2560 11.28
2561 11.18
2562 11.11
2563 11.09
2564 11.00
2565 10.91
2566 10.90
2567 10.88
2568 10.77
2569 10.71
2570 10.68
2571 10.55
2572 10.50
2573 10.44
2574 10.31
2575 10.22
2576 10.11
2577 10.06
2578 9.91
2579 9.89
2580 9.77
2581 9.72
2582 9.71
2583 9.70
2584 9.56
2585 9.51
2586 9.50
2587 9.44
2588 9.33
2589 9.31
2590 9.29
2591 9.28
2592 9.15
2593 9.11
2594 9.11
2595 9.08
2596 9.07
2597 9.05
2598 8.94
2599 8.92
2600 8.92
2601 8.92
2602 8.89
2603 8.76
2604 8.72
2605 8.71
2606 8.68
2607 8.65
2608 8.55
2609 8.52
2610 8.52
2611 8.51
2612 8.52
2613 8.57
2614 8.65
2615 8.55
2616 8.53
2617 8.54
2618 8.54
2619 8.52
2620 8.52
