1 8.69
2 8.91
3 9.31
4 9.71
5 10.11
6 10.50
7 11.05
8 11.50
9 11.91
10 12.34
11 12.92
12 13.52
13 14.06
14 14.72
15 15.76
16 17.41
17 19.63
18 22.50
19 25.43
20 28.02
21 30.36
22 32.22
23 33.84
24 35.30
25 36.44
26 37.77
27 38.97
28 40.08
29 41.04
30 41.92
31 42.79
32 43.53
33 44.23
34 44.76
35 45.30
36 45.77
37 46.11
38 46.57
39 46.83
40 47.26
41 47.53
42 47.86
43 48.14
44 48.35
45 48.49
46 48.70
47 48.84
48 48.94
49 49.07
50 49.18
51 49.32
52 49.41
53 49.47
54 49.63
55 49.67
56 49.84
57 49.89
58 50.04
59 50.13
60 50.24
61 50.36
62 50.42
63 50.58
64 50.61
65 50.76
66 50.83
67 50.94
68 51.07
69 51.08
70 51.25
71 51.32
72 51.39
73 51.54
74 51.56
75 51.72
76 51.79
77 51.86
78 52.00
79 52.04
80 52.12
81 52.27
82 52.28
83 52.39
84 52.51
85 52.52
86 52.61
87 52.75
88 52.76
89 52.82
90 52.99
91 53.00
92 53.04
93 53.18
94 53.23
95 53.26
96 53.37
97 53.46
98 53.48
99 53.51
100 53.64
101 53.71
102 53.72
103 53.74
104 53.85
105 53.94
106 53.96
107 53.97
108 54.07
109 54.15
110 54.19
111 54.20
112 54.22
113 54.30
114 54.41
115 54.44
116 54.44
117 54.47
118 54.55
119 54.61
120 54.68
121 54.68
122 54.68
123 54.74
124 54.81
125 54.89
126 54.92
127 54.93
128 54.93
129 54.96
130 55.00
131 55.12
132 55.16
133 55.17
134 55.17
135 55.17
136 55.21
137 55.27
138 55.36
139 55.39
140 55.40
141 55.41
142 55.42
143 55.43
144 55.43
145 55.50
146 55.57
147 55.62
148 55.62
149 55.65
150 55.66
151 55.66
152 55.68
153 55.71
154 55.74
155 55.80
156 55.85
157 55.88
158 55.89
159 55.90
160 55.90
161 55.91
162 55.91
163 55.95
164 55.96
165 56.02
166 56.07
167 56.13
168 56.13
169 56.14
170 56.14
171 56.15
172 56.14
173 56.14
174 56.15
175 56.17
176 56.18
177 56.23
178 56.27
179 56.31
180 56.33
181 56.34
182 56.38
183 56.37
184 56.38
185 56.39
186 56.39
187 56.39
188 56.39
189 56.41
190 56.40
191 56.43
192 56.46
193 56.45
194 56.54
195 56.55
196 56.58
197 56.60
198 56.61
199 56.62
200 56.63
201 56.63
202 56.63
203 56.63
204 56.63
205 56.63
206 56.65
207 56.63
208 56.65
209 56.65
210 56.66
211 56.72
212 56.72
213 56.72
214 56.77
215 56.77
216 56.80
217 56.82
218 56.82
219 56.83
220 56.87
221 56.87
222 56.87
223 56.87
224 56.87
225 56.87
226 56.87
227 56.87
228 56.87
229 56.88
230 56.88
231 56.89
232 56.88
233 56.88
234 56.93
235 56.91
236 56.92
237 56.95
238 57.00
239 56.97
240 57.00
241 57.02
242 57.01
243 57.07
244 57.04
245 57.07
246 57.10
247 57.10
248 57.08
249 57.10
250 57.11
251 57.10
252 57.12
253 57.12
254 57.12
255 57.12
256 57.12
257 57.12
258 57.12
259 57.13
260 57.13
261 57.13
262 57.13
263 57.13
264 57.12
265 57.14
266 57.13
267 57.15
268 57.15
269 57.17
270 57.16
271 57.18
272 57.15
273 57.24
274 57.24
275 57.25
276 57.24
277 57.25
278 57.26
279 57.28
280 57.32
281 57.31
282 57.32
283 57.34
284 57.34
285 57.34
286 57.34
287 57.34
288 57.35
289 57.35
290 57.36
291 57.34
292 57.36
293 57.36
294 57.36
295 57.35
296 57.36
297 57.37
298 57.36
299 57.36
300 57.37
301 57.37
302 57.36
303 57.36
304 57.36
305 57.37
306 57.37
307 57.36
308 57.37
309 57.37
310 57.38
311 57.37
312 57.38
313 57.37
314 57.38
315 57.39
316 57.40
317 57.38
318 57.40
319 57.39
320 57.39
321 57.42
322 57.42
323 57.43
324 57.43
325 57.42
326 57.43
327 57.48
328 57.46
329 57.48
330 57.45
331 57.48
332 57.50
333 57.50
334 57.49
335 57.52
336 57.53
337 57.52
338 57.53
339 57.54
340 57.57
341 57.54
342 57.56
343 57.56
344 57.59
345 57.58
346 57.57
347 57.59
348 57.58
349 57.58
350 57.59
351 57.60
352 57.57
353 57.58
354 57.60
355 57.60
356 57.60
357 57.60
358 57.60
359 57.60
360 57.60
361 57.60
362 57.61
363 57.60
364 57.61
365 57.60
366 57.61
367 57.61
368 57.61
369 57.60
370 57.60
371 57.61
372 57.61
373 57.61
374 57.61
375 57.61
376 57.61
377 57.61
378 57.61
379 57.61
380 57.61
381 57.61
382 57.61
383 57.61
384 57.61
385 57.61
386 57.61
387 57.61
388 57.61
389 57.61
390 57.62
391 57.61
392 57.62
393 57.62
394 57.61
395 57.63
396 57.62
397 57.62
398 57.64
399 57.64
400 57.63
401 57.63
402 57.62
403 57.61
404 57.63
405 57.62
406 57.63
407 57.64
408 57.66
409 57.64
410 57.64
411 57.65
412 57.65
413 57.65
414 57.63
415 57.65
416 57.64
417 57.65
418 57.66
419 57.66
420 57.65
421 57.67
422 57.71
423 57.68
424 57.68
425 57.67
426 57.70
427 57.73
428 57.71
429 57.71
430 57.73
431 57.71
432 57.74
433 57.71
434 57.74
435 57.73
436 57.78
437 57.74
438 57.72
439 57.76
440 57.77
441 57.77
442 57.78
443 57.78
444 57.77
445 57.78
446 57.78
447 57.77
448 57.81
449 57.78
450 57.79
451 57.78
452 57.79
453 57.79
454 57.79
455 57.77
456 57.81
457 57.80
458 57.82
459 57.82
460 57.83
461 57.81
462 57.82
463 57.83
464 57.83
465 57.81
466 57.82
467 57.82
468 57.83
469 57.82
470 57.84
471 57.83
472 57.85
473 57.84
474 57.83
475 57.83
476 57.85
477 57.84
478 57.84
479 57.85
480 57.83
481 57.85
482 57.82
483 57.85
484 57.85
485 57.85
486 57.85
487 57.84
488 57.85
489 57.84
490 57.84
491 57.85
492 57.85
493 57.85
494 57.85
495 57.85
496 57.85
497 57.85
498 57.85
499 57.85
500 57.85
501 57.85
502 57.85
503 57.85
504 57.85
505 57.85
506 57.85
507 57.85
508 57.85
509 57.85
510 57.85
511 57.85
512 57.85
513 57.85
514 57.85
515 57.85
516 57.85
517 57.85
518 57.85
519 57.85
520 57.85
521 57.85
522 57.85
523 57.85
524 57.85
525 57.86
526 57.86
527 57.85
528 57.85
529 57.86
530 57.85
531 57.86
532 57.86
533 57.86
534 57.85
535 57.86
536 57.86
537 57.87
538 57.86
539 57.86
540 57.86
541 57.87
542 57.87
543 57.86
544 57.85
545 57.85
546 57.86
547 57.86
548 57.86
549 57.87
550 57.86
551 57.87
552 57.86
553 57.86
554 57.87
555 57.86
556 57.86
557 57.85
558 57.85
559 57.88
560 57.85
561 57.88
562 57.86
563 57.87
564 57.86
565 57.87
566 57.86
567 57.88
568 57.87
569 57.86
570 57.86
571 57.87
572 57.89
573 57.87
574 57.87
575 57.90
576 57.87
577 57.88
578 57.88
579 57.89
580 57.89
581 57.88
582 57.88
583 57.89
584 57.88
585 57.90
586 57.90
587 57.92
588 57.90
589 57.88
590 57.92
591 57.90
592 57.89
593 57.90
594 57.91
595 57.90
596 57.90
597 57.92
598 57.90
599 57.90
600 57.90
601 57.92
602 57.93
603 57.93
604 57.90
605 57.92
606 57.95
607 57.95
608 57.94
609 57.93
610 57.97
611 57.93
612 57.92
613 57.92
614 57.95
615 57.93
616 57.94
617 57.95
618 57.95
619 57.94
620 57.95
621 57.94
622 58.00
623 57.96
624 57.99
625 57.97
626 58.00
627 57.96
628 57.95
629 57.99
630 58.00
631 58.00
632 57.99
633 57.99
634 57.99
635 58.01
636 58.01
637 57.98
638 57.99
639 58.01
640 58.00
641 58.03
642 58.02
643 58.01
644 58.02
645 58.02
646 58.04
647 58.02
648 58.06
649 58.02
650 58.04
651 58.04
652 58.02
653 58.01
654 58.02
655 58.00
656 58.04
657 58.04
658 58.03
659 58.02
660 58.04
661 58.04
662 58.03
663 58.02
664 58.04
665 58.07
666 58.05
667 58.04
668 58.07
669 58.07
670 58.03
671 58.04
672 58.06
673 58.07
674 58.07
675 58.03
676 58.06
677 58.05
678 58.06
679 58.08
680 58.08
681 58.08
682 58.04
683 58.06
684 58.05
685 58.07
686 58.06
687 58.08
688 58.08
689 58.06
690 58.10
691 58.08
692 58.07
693 58.09
694 58.10
695 58.08
696 58.08
697 58.08
698 58.08
699 58.08
700 58.07
701 58.09
702 58.08
703 58.08
704 58.08
705 58.09
706 58.09
707 58.08
708 58.09
709 58.08
710 58.10
711 58.09
712 58.08
713 58.09
714 58.09
715 58.09
716 58.09
717 58.08
718 58.09
719 58.10
720 58.10
721 58.08
722 58.10
723 58.09
724 58.10
725 58.10
726 58.10
727 58.09
728 58.09
729 58.08
730 58.10
731 58.09
732 58.10
733 58.10
734 58.10
735 58.09
736 58.09
737 58.10
738 58.10
739 58.09
740 58.09
741 58.10
742 58.10
743 58.10
744 58.10
745 58.10
746 58.09
747 58.10
748 58.10
749 58.10
750 58.10
751 58.10
752 58.09
753 58.10
754 58.10
755 58.10
756 58.10
757 58.10
758 58.10
759 58.10
760 58.10
761 58.10
762 58.10
763 58.09
764 58.10
765 58.10
766 58.10
767 58.10
768 58.10
769 58.10
770 58.10
771 58.10
772 58.10
773 58.10
774 58.10
775 58.10
776 58.10
777 58.10
778 58.10
779 58.10
780 58.10
781 58.10
782 58.10
783 58.10
784 58.10
785 58.10
786 58.10
787 58.10
788 58.10
789 58.10
790 58.10
791 58.10
792 58.10
793 58.10
794 58.10
795 58.10
796 58.10
797 58.10
798 58.10
799 58.10
800 58.10
801 58.10
802 58.10
803 58.10
804 58.10
805 58.10
806 58.10
807 58.10
808 58.10
809 58.10
810 58.10
811 58.10
812 58.10
813 58.10
814 58.10
815 58.10
816 58.10
817 58.10
818 58.10
819 58.10
820 58.10
821 58.10
822 58.10
823 58.10
824 58.10
825 58.10
826 58.10
827 58.10
828 58.10
829 58.10
830 58.10
831 58.10
832 58.10
833 58.10
834 58.10
835 58.10
836 58.10
837 58.10
838 58.10
839 58.10
840 58.10
841 58.11
842 58.10
843 58.10
844 58.10
845 58.10
846 58.10
847 58.11
848 58.10
849 58.10
850 58.10
851 58.10
852 58.10
853 58.10
854 58.10
855 58.10
856 58.10
857 58.10
858 58.10
859 58.10
860 58.10
861 58.11
862 58.11
863 58.11
864 58.11
865 58.10
866 58.10
867 58.10
868 58.12
869 58.11
870 58.10
871 58.11
872 58.10
873 58.11
874 58.11
875 58.11
876 58.10
877 58.11
878 58.13
879 58.11
880 58.11
881 58.11
882 58.11
883 58.11
884 58.11
885 58.12
886 58.11
887 58.11
888 58.11
889 58.11
890 58.11
891 58.12
892 58.12
893 58.12
894 58.11
895 58.11
896 58.13
897 58.13
898 58.11
899 58.11
900 58.11
901 58.11
902 58.12
903 58.13
904 58.13
905 58.12
906 58.15
907 58.11
908 58.11
909 58.11
910 58.12
911 58.12
912 58.11
913 58.12
914 58.11
915 58.11
916 58.10
917 58.12
918 58.12
919 58.14
920 58.12
921 58.13
922 58.13
923 58.12
924 58.14
925 58.13
926 58.15
927 58.14
928 58.13
929 58.13
930 58.13
931 58.12
932 58.13
933 58.14
934 58.12
935 58.12
936 58.13
937 58.13
938 58.14
939 58.13
940 58.13
941 58.15
942 58.14
943 58.12
944 58.15
945 58.14
946 58.15
947 58.15
948 58.15
949 58.14
950 58.13
951 58.17
952 58.16
953 58.18
954 58.14
955 58.15
956 58.16
957 58.14
958 58.16
959 58.14
960 58.17
961 58.16
962 58.18
963 58.17
964 58.15
965 58.14
966 58.15
967 58.19
968 58.16
969 58.17
970 58.17
971 58.15
972 58.15
973 58.18
974 58.16
975 58.20
976 58.21
977 58.20
978 58.20
979 58.20
980 58.19
981 58.18
982 58.18
983 58.20
984 58.20
985 58.22
986 58.22
987 58.18
988 58.20
989 58.19
990 58.21
991 58.23
992 58.18
993 58.19
994 58.20
995 58.18
996 58.21
997 58.22
998 58.22
999 58.19
1000 58.22
1001 58.22
1002 58.20
1003 58.21
1004 58.21
1005 58.22
1006 58.23
1007 58.22
1008 58.24
1009 58.24
1010 58.22
1011 58.22
1012 58.21
1013 58.22
1014 58.26
1015 58.23
1016 58.26
1017 58.22
1018 58.22
1019 58.25
1020 58.24
1021 58.26
1022 58.23
1023 58.24
1024 58.22
1025 58.25
1026 58.22
1027 58.25
1028 58.22
1029 58.21
1030 58.24
1031 58.22
1032 58.23
1033 58.22
1034 58.24
1035 58.25
1036 58.24
1037 58.22
1038 58.23
1039 58.23
1040 58.22
1041 58.26
1042 58.25
1043 58.25
1044 58.26
1045 58.26
1046 58.24
1047 58.28
1048 58.24
1049 58.24
1050 58.25
1051 58.25
1052 58.26
1053 58.28
1054 58.24
1055 58.24
1056 58.22
1057 58.27
1058 58.25
1059 58.28
1060 58.27
1061 58.30
1062 58.24
1063 58.24
1064 58.27
1065 58.28
1066 58.25
1067 58.29
1068 58.25
1069 58.27
1070 58.29
1071 58.26
1072 58.28
1073 58.30
1074 58.31
1075 58.26
1076 58.26
1077 58.30
1078 58.27
1079 58.26
1080 58.28
1081 58.29
1082 58.27
1083 58.25
1084 58.29
1085 58.28
1086 58.28
1087 58.29
1088 58.29
1089 58.30
1090 58.28
1091 58.28
1092 58.31
1093 58.31
1094 58.27
1095 58.30
1096 58.29
1097 58.30
1098 58.30
1099 58.31
1100 58.32
1101 58.29
1102 58.28
1103 58.29
1104 58.32
1105 58.30
1106 58.31
1107 58.32
1108 58.30
1109 58.29
1110 58.29
1111 58.29
1112 58.30
1113 58.29
1114 58.30
1115 58.31
1116 58.33
1117 58.31
1118 58.31
1119 58.31
1120 58.32
1121 58.32
1122 58.30
1123 58.32
1124 58.31
1125 58.31
1126 58.31
1127 58.31
1128 58.31
1129 58.30
1130 58.32
1131 58.33
1132 58.33
1133 58.32
1134 58.29
1135 58.31
1136 58.31
1137 58.31
1138 58.32
1139 58.32
1140 58.32
1141 58.33
1142 58.32
1143 58.30
1144 58.33
1145 58.32
1146 58.31
1147 58.32
1148 58.32
1149 58.32
1150 58.33
1151 58.33
1152 58.33
1153 58.31
1154 58.32
1155 58.32
1156 58.32
1157 58.31
1158 58.33
1159 58.33
1160 58.32
1161 58.32
1162 58.33
1163 58.34
1164 58.33
1165 58.32
1166 58.31
1167 58.34
1168 58.32
1169 58.34
1170 58.33
1171 58.33
1172 58.33
1173 58.34
1174 58.32
1175 58.33
1176 58.34
1177 58.32
1178 58.33
1179 58.34
1180 58.33
1181 58.32
1182 58.34
1183 58.32
1184 58.33
1185 58.32
1186 58.33
1187 58.33
1188 58.34
1189 58.32
1190 58.33
1191 58.34
1192 58.34
1193 58.34
1194 58.32
1195 58.34
1196 58.34
1197 58.33
1198 58.34
1199 58.33
1200 58.33
1201 58.33
1202 58.34
1203 58.33
1204 58.33
1205 58.33
1206 58.34
1207 58.34
1208 58.34
1209 58.33
1210 58.34
1211 58.34
1212 58.34
1213 58.34
1214 58.34
1215 58.33
1216 58.33
1217 58.34
1218 58.34
1219 58.34
1220 58.34
1221 58.34
1222 58.34
1223 58.34
1224 58.34
1225 58.34
1226 58.34
1227 58.34
1228 58.34
1229 58.33
1230 58.34
1231 58.33
1232 58.34
1233 58.34
1234 58.33
1235 58.33
1236 58.34
1237 58.34
1238 58.34
1239 58.34
1240 58.34
1241 58.34
1242 58.34
1243 58.34
1244 58.34
1245 58.34
1246 58.34
1247 58.34
1248 58.34
1249 58.34
1250 58.34
1251 58.34
1252 58.34
1253 58.34
1254 58.34
1255 58.34
1256 58.34
1257 58.34
1258 58.34
1259 58.34
1260 58.34
1261 58.33
1262 58.34
1263 58.34
1264 58.34
1265 58.34
1266 58.34
1267 58.34
1268 58.34
1269 58.34
1270 58.34
1271 58.34
1272 58.34
1273 58.34
1274 58.34
1275 58.34
1276 58.34
1277 58.34
1278 58.34
1279 58.34
1280 58.34
1281 58.34
1282 58.34
1283 58.34
1284 58.34
1285 58.34
1286 58.34
1287 58.34
1288 58.34
1289 58.34
1290 58.34
1291 58.34
1292 58.34
1293 58.33
1294 58.34
1295 58.34
1296 58.34
1297 58.34
1298 58.34
1299 58.34
1300 58.34
1301 58.34
1302 58.34
1303 58.34
1304 58.35
1305 58.34
1306 58.34
1307 58.34
1308 58.34
1309 58.35
1310 58.34
1311 58.34
1312 58.34
1313 58.34
1314 58.34
1315 58.34
1316 58.34
1317 58.34
1318 58.34
1319 58.34
1320 58.34
1321 58.34
1322 58.34
1323 58.35
1324 58.34
1325 58.34
1326 58.34
1327 58.34
1328 58.34
1329 58.34
1330 58.34
1331 58.34
1332 58.34
1333 58.34
1334 58.34
1335 58.34
1336 58.34
1337 58.34
1338 58.34
1339 58.35
1340 58.34
1341 58.34
1342 58.34
1343 58.34
1344 58.34
1345 58.34
1346 58.34
1347 58.35
1348 58.34
1349 58.34
1350 58.35
1351 58.34
1352 58.34
1353 58.34
1354 58.34
1355 58.35
1356 58.34
1357 58.35
1358 58.34
1359 58.34
1360 58.34
1361 58.34
1362 58.34
1363 58.35
1364 58.35
1365 58.34
1366 58.35
1367 58.34
1368 58.34
1369 58.35
1370 58.34
1371 58.35
1372 58.34
1373 58.34
1374 58.35
1375 58.35
1376 58.34
1377 58.36
1378 58.35
1379 58.34
1380 58.35
1381 58.34
1382 58.35
1383 58.35
1384 58.35
1385 58.34
1386 58.34
1387 58.34
1388 58.35
1389 58.34
1390 58.34
1391 58.34
1392 58.35
1393 58.34
1394 58.34
1395 58.35
1396 58.34
1397 58.34
1398 58.34
1399 58.34
1400 58.34
1401 58.35
1402 58.35
1403 58.35
1404 58.35
1405 58.35
1406 58.35
1407 58.35
1408 58.35
1409 58.35
1410 58.35
1411 58.35
1412 58.34
1413 58.35
1414 58.35
1415 58.36
1416 58.35
1417 58.35
1418 58.35
1419 58.35
1420 58.34
1421 58.34
1422 58.36
1423 58.36
1424 58.35
1425 58.36
1426 58.34
1427 58.34
1428 58.36
1429 58.36
1430 58.35
1431 58.35
1432 58.35
1433 58.35
1434 58.35
1435 58.35
1436 58.34
1437 58.36
1438 58.34
1439 58.36
1440 58.35
1441 58.35
1442 58.36
1443 58.35
1444 58.36
1445 58.35
1446 58.36
1447 58.35
1448 58.35
1449 58.36
1450 58.35
1451 58.35
1452 58.35
1453 58.35
1454 58.35
1455 58.35
1456 58.35
1457 58.35
1458 58.35
1459 58.35
1460 58.36
1461 58.36
1462 58.34
1463 58.34
1464 58.36
1465 58.36
1466 58.35
1467 58.35
1468 58.36
1469 58.35
1470 58.36
1471 58.36
1472 58.35
1473 58.36
1474 58.35
1475 58.36
1476 58.35
1477 58.36
1478 58.38
1479 58.35
1480 58.36
1481 58.35
1482 58.36
1483 58.36
1484 58.37
1485 58.36
1486 58.37
1487 58.37
1488 58.35
1489 58.35
1490 58.35
1491 58.36
1492 58.36
1493 58.36
1494 58.35
1495 58.36
1496 58.37
1497 58.36
1498 58.37
1499 58.36
1500 58.34
1501 58.36
1502 58.36
1503 58.36
1504 58.36
1505 58.35
1506 58.36
1507 58.36
1508 58.37
1509 58.38
1510 58.36
1511 58.36
1512 58.37
1513 58.36
1514 58.36
1515 58.38
1516 58.36
1517 58.36
1518 58.36
1519 58.36
1520 58.37
1521 58.37
1522 58.36
1523 58.36
1524 58.35
1525 58.36
1526 58.37
1527 58.37
1528 58.37
1529 58.37
1530 58.36
1531 58.37
1532 58.36
1533 58.38
1534 58.38
1535 58.37
1536 58.38
1537 58.36
1538 58.35
1539 58.37
1540 58.36
1541 58.36
1542 58.36
1543 58.38
1544 58.39
1545 58.38
1546 58.39
1547 58.36
1548 58.36
1549 58.37
1550 58.37
1551 58.36
1552 58.39
1553 58.35
1554 58.36
1555 58.36
1556 58.37
1557 58.37
1558 58.35
1559 58.37
1560 58.39
1561 58.35
1562 58.38
1563 58.38
1564 58.39
1565 58.36
1566 58.39
1567 58.38
1568 58.37
1569 58.38
1570 58.38
1571 58.37
1572 58.38
1573 58.36
1574 58.38
1575 58.37
1576 58.37
1577 58.38
1578 58.37
1579 58.37
1580 58.40
1581 58.38
1582 58.40
1583 58.38
1584 58.40
1585 58.38
1586 58.39
1587 58.38
1588 58.39
1589 58.39
1590 58.37
1591 58.38
1592 58.38
1593 58.39
1594 58.38
1595 58.38
1596 58.38
1597 58.37
1598 58.39
1599 58.36
1600 58.38
1601 58.38
1602 58.37
1603 58.38
1604 58.38
1605 58.40
1606 58.39
1607 58.38
1608 58.38
1609 58.38
1610 58.40
1611 58.41
1612 58.38
1613 58.38
1614 58.41
1615 58.42
1616 58.39
1617 58.40
1618 58.40
1619 58.38
1620 58.41
1621 58.42
1622 58.43
1623 58.40
1624 58.40
1625 58.39
1626 58.40
1627 58.41
1628 58.40
1629 58.39
1630 58.40
1631 58.39
1632 58.38
1633 58.40
1634 58.39
1635 58.41
1636 58.42
1637 58.38
1638 58.42
1639 58.41
1640 58.41
1641 58.41
1642 58.41
1643 58.42
1644 58.40
1645 58.40
1646 58.42
1647 58.42
1648 58.42
1649 58.41
1650 58.43
1651 58.42
1652 58.41
1653 58.39
1654 58.41
1655 58.38
1656 58.41
1657 58.42
1658 58.43
1659 58.41
1660 58.38
1661 58.41
1662 58.40
1663 58.41
1664 58.42
1665 58.38
1666 58.41
1667 58.43
1668 58.41
1669 58.40
1670 58.43
1671 58.42
1672 58.42
1673 58.44
1674 58.43
1675 58.41
1676 58.42
1677 58.41
1678 58.41
1679 58.42
1680 58.41
1681 58.40
1682 58.41
1683 58.44
1684 58.42
1685 58.43
1686 58.43
1687 58.43
1688 58.43
1689 58.42
1690 58.40
1691 58.43
1692 58.42
1693 58.43
1694 58.41
1695 58.40
1696 58.43
1697 58.43
1698 58.45
1699 58.43
1700 58.42
1701 58.42
1702 58.44
1703 58.44
1704 58.43
1705 58.45
1706 58.45
1707 58.43
1708 58.43
1709 58.45
1710 58.45
1711 58.43
1712 58.41
1713 58.42
1714 58.42
1715 58.42
1716 58.43
1717 58.43
1718 58.43
1719 58.43
1720 58.43
1721 58.41
1722 58.46
1723 58.44
1724 58.41
1725 58.46
1726 58.43
1727 58.43
1728 58.45
1729 58.46
1730 58.47
1731 58.46
1732 58.44
1733 58.48
1734 58.44
1735 58.46
1736 58.44
1737 58.45
1738 58.46
1739 58.45
1740 58.47
1741 58.44
1742 58.45
1743 58.44
1744 58.46
1745 58.42
1746 58.49
1747 58.44
1748 58.47
1749 58.43
1750 58.45
1751 58.48
1752 58.45
1753 58.46
1754 58.49
1755 58.47
1756 58.48
1757 58.45
1758 58.43
1759 58.44
1760 58.48
1761 58.45
1762 58.47
1763 58.45
1764 58.45
1765 58.48
1766 58.46
1767 58.47
1768 58.48
1769 58.47
1770 58.46
1771 58.50
1772 58.46
1773 58.48
1774 58.47
1775 58.47
1776 58.49
1777 58.48
1778 58.47
1779 58.45
1780 58.49
1781 58.47
1782 58.48
1783 58.47
1784 58.46
1785 58.50
1786 58.50
1787 58.47
1788 58.47
1789 58.49
1790 58.48
1791 58.45
1792 58.49
1793 58.51
1794 58.48
1795 58.47
1796 58.45
1797 58.50
1798 58.49
1799 58.46
1800 58.50
1801 58.50
1802 58.46
1803 58.50
1804 58.50
1805 58.53
1806 58.45
1807 58.48
1808 58.50
1809 58.50
1810 58.49
1811 58.47
1812 58.52
1813 58.50
1814 58.50
1815 58.49
1816 58.48
1817 58.51
1818 58.50
1819 58.51
1820 58.48
1821 58.53
1822 58.48
1823 58.50
1824 58.47
1825 58.49
1826 58.48
1827 58.49
1828 58.48
1829 58.52
1830 58.50
1831 58.50
1832 58.50
1833 58.47
1834 58.54
1835 58.50
1836 58.48
1837 58.51
1838 58.51
1839 58.50
1840 58.51
1841 58.50
1842 58.50
1843 58.52
1844 58.52
1845 58.50
1846 58.52
1847 58.51
1848 58.50
1849 58.50
1850 58.49
1851 58.54
1852 58.53
1853 58.52
1854 58.52
1855 58.53
1856 58.52
1857 58.50
1858 58.52
1859 58.53
1860 58.52
1861 58.54
1862 58.50
1863 58.50
1864 58.49
1865 58.54
1866 58.52
1867 58.52
1868 58.52
1869 58.54
1870 58.50
1871 58.53
1872 58.54
1873 58.54
1874 58.54
1875 58.51
1876 58.55
1877 58.52
1878 58.53
1879 58.49
1880 58.54
1881 58.55
1882 58.53
1883 58.50
1884 58.52
1885 58.53
1886 58.54
1887 58.52
1888 58.54
1889 58.52
1890 58.51
1891 58.54
1892 58.52
1893 58.54
1894 58.53
1895 58.54
1896 58.52
1897 58.53
1898 58.52
1899 58.53
1900 58.50
1901 58.51
1902 58.50
1903 58.50
1904 58.53
1905 58.55
1906 58.51
1907 58.51
1908 58.54
1909 58.49
1910 58.52
1911 58.54
1912 58.52
1913 58.54
1914 58.54
1915 58.53
1916 58.50
1917 58.52
1918 58.54
1919 58.51
1920 58.54
1921 58.54
1922 58.54
1923 58.52
1924 58.53
1925 58.54
1926 58.54
1927 58.54
1928 58.54
1929 58.54
1930 58.54
1931 58.53
1932 58.53
1933 58.53
1934 58.54
1935 58.54
1936 58.52
1937 58.52
1938 58.55
1939 58.56
1940 58.54
1941 58.54
1942 58.52
1943 58.54
1944 58.52
1945 58.52
1946 58.53
1947 58.55
1948 58.55
1949 58.53
1950 58.54
1951 58.55
1952 58.54
1953 58.56
1954 58.55
1955 58.54
1956 58.54
1957 58.57
1958 58.56
1959 58.54
1960 58.54
1961 58.56
1962 58.52
1963 58.54
1964 58.54
1965 58.56
1966 58.55
1967 58.54
1968 58.55
1969 58.57
1970 58.57
1971 58.55
1972 58.56
1973 58.54
1974 58.56
1975 58.56
1976 58.55
1977 58.58
1978 58.55
1979 58.55
1980 58.57
1981 58.55
1982 58.57
1983 58.56
1984 58.56
1985 58.56
1986 58.56
1987 58.54
1988 58.55
1989 58.54
1990 58.56
1991 58.56
1992 58.57
1993 58.55
1994 58.57
1995 58.57
1996 58.57
1997 58.57
1998 58.56
1999 58.57
2000 58.54
2001 58.57
2002 58.58
2003 58.57
2004 58.55
2005 58.56
2006 58.57
2007 58.55
2008 58.59
2009 58.57
2010 58.58
2011 58.58
2012 58.56
2013 58.57
2014 58.57
2015 58.58
2016 58.58
2017 58.57
2018 58.58
2019 58.57
2020 58.57
2021 58.56
2022 58.57
2023 58.57
2024 58.57
2025 58.59
2026 58.58
2027 58.57
2028 58.57
2029 58.57
2030 58.58
2031 58.58
2032 58.58
2033 58.57
2034 58.57
2035 58.58
2036 58.58
2037 58.59
2038 58.59
2039 58.54
2040 58.58
2041 58.58
2042 58.59
2043 58.58
2044 58.59
2045 58.58
2046 58.57
2047 58.57
2048 58.57
2049 58.57
2050 58.58
2051 58.58
2052 58.57
2053 58.57
2054 58.57
2055 58.58
2056 58.59
2057 58.59
2058 58.58
2059 58.56
2060 58.59
2061 58.56
2062 58.57
2063 58.58
2064 58.57
2065 58.56
2066 58.58
2067 58.57
2068 58.59
2069 58.58
2070 58.58
2071 58.58
2072 58.58
2073 58.58
2074 58.58
2075 58.58
2076 58.58
2077 58.58
2078 58.57
2079 58.57
2080 58.57
2081 58.59
2082 58.59
2083 58.58
2084 58.58
2085 58.58
2086 58.58
2087 58.57
2088 58.59
2089 58.58
2090 58.58
2091 58.59
2092 58.59
2093 58.59
2094 58.59
2095 58.58
2096 58.59
2097 58.58
2098 58.59
2099 58.59
2100 58.58
2101 58.58
2102 58.56
2103 58.59
2104 58.59
2105 58.57
2106 58.59
2107 58.58
2108 58.58
2109 58.58
2110 58.58
2111 58.58
2112 58.58
2113 58.59
2114 58.59
2115 58.58
2116 58.57
2117 58.59
2118 58.59
2119 58.57
2120 58.59
2121 58.58
2122 58.59
2123 58.59
2124 58.59
2125 58.58
2126 58.58
2127 58.59
2128 58.59
2129 58.58
2130 58.58
2131 58.59
2132 58.59
2133 58.59
2134 58.58
2135 58.58
2136 58.59
2137 58.58
2138 58.58
2139 58.59
2140 58.59
2141 58.59
2142 58.58
2143 58.59
2144 58.59
2145 58.59
2146 58.59
2147 58.59
2148 58.59
2149 58.57
2150 58.59
2151 58.59
2152 58.59
2153 58.58
2154 58.59
2155 58.59
2156 58.59
2157 58.58
2158 58.59
2159 58.59
2160 58.59
2161 58.59
2162 58.58
2163 58.59
2164 58.59
2165 58.59
2166 58.59
2167 58.59
2168 58.59
2169 58.59
2170 58.59
2171 58.59
2172 58.59
2173 58.59
2174 58.59
2175 58.58
2176 58.59
2177 58.59
2178 58.59
2179 58.59
2180 58.59
2181 58.59
2182 58.59
2183 58.59
2184 58.59
2185 58.59
2186 58.59
2187 58.59
2188 58.59
2189 58.59
2190 58.59
2191 58.59
2192 58.59
2193 58.59
2194 58.59
2195 58.59
2196 58.59
2197 58.59
2198 58.59
2199 58.59
2200 58.59
2201 58.59
2202 58.59
2203 58.59
2204 58.59
2205 58.59
2206 58.59
2207 58.59
2208 58.58
2209 58.59
2210 58.59
2211 58.59
2212 58.59
2213 58.59
2214 58.59
2215 58.58
2216 58.59
2217 58.59
2218 58.59
2219 58.59
2220 58.59
2221 58.59
2222 58.59
2223 58.59
2224 58.59
2225 58.58
2226 58.59
2227 58.58
2228 58.59
2229 58.58
2230 58.59
2231 58.58
2232 58.59
2233 58.59
2234 58.59
2235 58.59
2236 58.59
2237 58.59
2238 58.59
2239 58.59
2240 58.59
2241 58.59
2242 58.59
2243 58.59
2244 58.59
2245 58.59
2246 58.59
2247 58.59
2248 58.59
2249 58.59
2250 58.59
2251 58.59
2252 58.59
2253 58.59
2254 58.59
2255 58.59
2256 58.59
2257 58.58
2258 58.59
2259 58.59
2260 58.59
2261 58.59
2262 58.59
2263 58.59
2264 58.59
2265 58.59
2266 58.59
2267 58.59
2268 58.59
2269 58.59
2270 58.59
2271 58.59
2272 58.59
2273 58.59
2274 58.59
2275 58.59
2276 58.59
2277 58.59
2278 58.59
2279 58.59
2280 58.59
2281 58.59
2282 58.59
2283 58.59
2284 58.59
2285 58.59
2286 58.59
2287 58.59
2288 58.59
2289 58.59
2290 58.59
2291 58.59
2292 58.59
2293 58.59
2294 58.59
2295 58.59
2296 58.59
2297 58.59
2298 58.59
2299 58.59
2300 58.59
2301 58.59
2302 58.59
2303 58.59
2304 58.59
2305 58.59
2306 58.59
2307 58.59
2308 58.59
2309 58.59
2310 58.59
2311 58.59
2312 58.59
2313 58.59
2314 58.59
2315 58.59
2316 58.59
2317 58.59
2318 58.59
2319 58.59
2320 58.59
2321 58.59
2322 58.59
2323 58.59
2324 58.59
2325 58.59
2326 58.59
2327 58.59
2328 58.59
2329 58.59
2330 58.59
2331 58.59
2332 58.59
2333 58.59
2334 58.59
2335 58.59
2336 58.59
2337 58.59
2338 58.59
2339 58.59
2340 58.60
2341 58.59
2342 58.59
2343 58.59
2344 58.59
2345 58.59
2346 58.59
2347 58.59
2348 58.59
2349 58.59
2350 58.60
2351 58.60
2352 58.59
2353 58.59
2354 58.60
2355 58.60
2356 58.60
2357 58.59
2358 58.60
2359 58.59
2360 58.59
2361 58.59
2362 58.60
2363 58.59
2364 58.59
2365 58.59
2366 58.59
2367 58.59
2368 58.59
2369 58.59
2370 58.59
2371 58.59
2372 58.59
2373 58.59
2374 58.59
2375 58.59
2376 58.59
2377 58.59
2378 58.59
2379 58.59
2380 58.60
2381 58.59
2382 58.59
2383 58.59
2384 58.59
2385 58.59
2386 58.59
2387 58.59
2388 58.59
2389 58.59
2390 58.59
2391 58.59
2392 58.59
2393 58.60
2394 58.60
2395 58.59
2396 58.59
2397 58.59
2398 58.59
2399 58.59
2400 58.59
2401 58.59
2402 58.59
2403 58.59
2404 58.59
2405 58.59
2406 58.59
2407 58.59
2408 58.59
2409 58.59
2410 58.59
2411 58.59
2412 58.59
2413 58.59
2414 58.59
2415 58.59
2416 58.59
2417 58.60
2418 58.59
2419 58.60
2420 58.59
2421 58.59
2422 58.60
2423 58.59
2424 58.60
2425 58.60
2426 58.59
2427 58.59
2428 58.59
2429 58.60
2430 58.59
2431 58.60
2432 58.59
2433 58.59
2434 58.59
2435 58.59
2436 58.59
2437 58.59
2438 58.60
2439 58.59
2440 58.59
2441 58.60
2442 58.59
2443 58.59
2444 58.59
2445 58.59
2446 58.60
2447 58.60
2448 58.60
2449 58.59
2450 58.60
2451 58.60
2452 58.59
2453 58.60
2454 58.59
2455 58.59
2456 58.60
2457 58.60
2458 58.60
2459 58.59
2460 58.60
2461 58.59
2462 58.59
2463 58.59
2464 58.61
2465 58.60
2466 58.61
2467 58.60
2468 58.60
2469 58.60
2470 58.59
2471 58.61
2472 58.59
2473 58.60
2474 58.60
2475 58.60
2476 58.60
2477 58.60
2478 58.61
2479 58.59
2480 58.59
2481 58.59
2482 58.61
2483 58.59
2484 58.59
2485 58.59
2486 58.59
2487 58.61
2488 58.61
2489 58.62
2490 58.60
2491 58.60
2492 58.62
2493 58.60
2494 58.60
2495 58.60
2496 58.60
2497 58.60
2498 58.61
2499 58.60
2500 58.61
2501 58.61
2502 58.60
2503 58.61
2504 58.59
2505 58.60
2506 58.59
2507 58.60
2508 58.60
2509 58.59
2510 58.62
2511 58.60
2512 58.61
2513 58.61
2514 58.61
2515 58.59
2516 58.59
2517 58.61
2518 58.61
2519 58.59
2520 58.60
2521 58.61
2522 58.59
2523 58.62
2524 58.60
2525 58.61
2526 58.61
2527 58.62
2528 58.61
2529 58.63
2530 58.61
2531 58.61
2532 58.62
2533 58.62
2534 58.60
2535 58.61
2536 58.63
2537 58.62
2538 58.60
2539 58.63
2540 58.60
2541 58.61
2542 58.63
2543 58.61
2544 58.61
2545 58.61
2546 58.61
2547 58.61
2548 58.61
2549 58.63
2550 58.62
2551 58.62
2552 58.62
2553 58.61
2554 58.62
2555 58.62
2556 58.61
2557 58.61
2558 58.62
2559 58.62
2560 58.62
2561 58.62
2562 58.63
2563 58.62
2564 58.61
2565 58.60
2566 58.62
2567 58.61
2568 58.62
2569 58.63
2570 58.62
2571 58.61
2572 58.61
2573 58.61
2574 58.62
2575 58.61
2576 58.61
2577 58.62
2578 58.64
2579 58.63
2580 58.63
2581 58.62
2582 58.63
2583 58.63
2584 58.63
2585 58.61
2586 58.61
2587 58.63
2588 58.61
2589 58.62
2590 58.62
2591 58.63
2592 58.61
2593 58.64
2594 58.64
2595 58.61
2596 58.62
2597 58.63
2598 58.62
2599 58.64
2600 58.62
2601 58.61
2602 58.63
2603 58.61
2604 58.64
2605 58.62
2606 58.62
2607 58.64
2608 58.63
2609 58.63
2610 58.61
2611 58.64
2612 58.63
2613 58.63
2614 58.64
2615 58.64
2616 58.64
2617 58.63
2618 58.64
2619 58.64
2620 58.64
2621 58.65
2622 58.63
2623 58.64
2624 58.63
2625 58.64
2626 58.63
2627 58.64
2628 58.61
2629 58.63
2630 58.63
2631 58.61
2632 58.64
2633 58.63
2634 58.64
2635 58.63
2636 58.65
2637 58.66
2638 58.65
2639 58.66
2640 58.64
2641 58.64
2642 58.64
2643 58.65
2644 58.64
2645 58.66
2646 58.66
2647 58.65
2648 58.67
2649 58.63
2650 58.65
2651 58.66
2652 58.66
2653 58.67
2654 58.64
2655 58.66
2656 58.63
2657 58.64
2658 58.64
2659 58.66
2660 58.64
2661 58.66
2662 58.66
2663 58.64
2664 58.66
2665 58.66
2666 58.67
2667 58.66
2668 58.66
2669 58.66
2670 58.68
2671 58.66
2672 58.66
2673 58.66
2674 58.66
2675 58.67
2676 58.69
2677 58.65
2678 58.63
2679 58.67
2680 58.67
2681 58.64
2682 58.68
2683 58.65
2684 58.64
2685 58.68
2686 58.68
2687 58.66
2688 58.67
2689 58.68
2690 58.68
2691 58.64
2692 58.67
2693 58.68
2694 58.66
2695 58.66
2696 58.66
2697 58.68
2698 58.66
2699 58.66
2700 58.68
2701 58.70
2702 58.68
2703 58.68
2704 58.66
2705 58.66
2706 58.69
2707 58.65
2708 58.66
2709 58.68
2710 58.69
2711 58.70
2712 58.68
2713 58.68
2714 58.67
2715 58.71
2716 58.70
2717 58.70
2718 58.70
2719 58.68
2720 58.72
2721 58.68
2722 58.70
2723 58.68
2724 58.71
2725 58.70
2726 58.70
2727 58.70
2728 58.70
2729 58.69
2730 58.70
2731 58.70
2732 58.69
2733 58.68
2734 58.72
2735 58.71
2736 58.70
2737 58.70
2738 58.68
2739 58.71
2740 58.70
2741 58.70
2742 58.67
2743 58.72
2744 58.71
2745 58.69
2746 58.69
2747 58.71
2748 58.67
2749 58.69
2750 58.73
2751 58.73
2752 58.72
2753 58.71
2754 58.70
2755 58.70
2756 58.75
2757 58.75
2758 58.71
2759 58.71
2760 58.73
2761 58.68
2762 58.70
2763 58.71
2764 58.73
2765 58.72
2766 58.70
2767 58.72
2768 58.72
2769 58.70
2770 58.72
2771 58.73
2772 58.74
2773 58.70
2774 58.75
2775 58.73
2776 58.71
2777 58.71
2778 58.72
2779 58.72
2780 58.75
2781 58.73
2782 58.73
2783 58.75
2784 58.75
2785 58.75
2786 58.72
2787 58.73
2788 58.71
2789 58.74
2790 58.71
2791 58.71
2792 58.73
2793 58.71
2794 58.73
2795 58.72
2796 58.73
2797 58.75
2798 58.73
2799 58.72
2800 58.75
2801 58.73
2802 58.75
2803 58.75
2804 58.72
2805 58.75
2806 58.75
2807 58.73
2808 58.73
2809 58.75
2810 58.75
2811 58.74
2812 58.73
2813 58.73
2814 58.75
2815 58.75
2816 58.73
2817 58.77
2818 58.73
2819 58.74
2820 58.75
2821 58.78
2822 58.75
2823 58.76
2824 58.73
2825 58.77
2826 58.75
2827 58.75
2828 58.72
2829 58.73
2830 58.73
2831 58.77
2832 58.75
2833 58.75
2834 58.74
2835 58.73
2836 58.79
2837 58.74
2838 58.75
2839 58.77
2840 58.76
2841 58.78
2842 58.79
2843 58.78
2844 58.76
2845 58.77
2846 58.78
2847 58.75
2848 58.78
2849 58.78
2850 58.77
2851 58.75
2852 58.74
2853 58.78
2854 58.77
2855 58.76
2856 58.78
2857 58.80
2858 58.77
2859 58.78
2860 58.77
2861 58.75
2862 58.76
2863 58.77
2864 58.76
2865 58.78
2866 58.78
2867 58.77
2868 58.78
2869 58.81
2870 58.79
2871 58.76
2872 58.78
2873 58.77
2874 58.77
2875 58.79
2876 58.79
2877 58.79
2878 58.80
2879 58.76
2880 58.80
2881 58.77
2882 58.80
2883 58.79
2884 58.79
2885 58.79
2886 58.78
2887 58.79
2888 58.79
2889 58.79
2890 58.77
2891 58.80
2892 58.79
2893 58.80
2894 58.80
2895 58.80
2896 58.78
2897 58.80
2898 58.80
2899 58.79
2900 58.79
2901 58.79
2902 58.78
2903 58.80
2904 58.81
2905 58.80
2906 58.81
2907 58.80
2908 58.79
2909 58.82
2910 58.77
2911 58.81
2912 58.79
2913 58.78
2914 58.79
2915 58.78
2916 58.80
2917 58.81
2918 58.81
2919 58.80
2920 58.80
2921 58.80
2922 58.82
2923 58.79
2924 58.80
2925 58.79
2926 58.81
2927 58.80
2928 58.81
2929 58.80
2930 58.81
2931 58.82
2932 58.82
2933 58.81
2934 58.81
2935 58.82
2936 58.82
2937 58.81
2938 58.80
2939 58.80
2940 58.79
2941 58.81
2942 58.82
2943 58.81
2944 58.82
2945 58.81
2946 58.82
2947 58.79
2948 58.82
2949 58.83
2950 58.81
2951 58.81
2952 58.81
2953 58.82
2954 58.81
2955 58.82
2956 58.81
2957 58.82
2958 58.82
2959 58.82
2960 58.81
2961 58.81
2962 58.83
2963 58.83
2964 58.81
2965 58.81
2966 58.81
2967 58.82
2968 58.81
2969 58.81
2970 58.83
2971 58.81
2972 58.82
2973 58.82
2974 58.82
2975 58.82
2976 58.82
2977 58.80
2978 58.83
2979 58.82
2980 58.83
2981 58.82
2982 58.82
2983 58.83
2984 58.82
2985 58.82
2986 58.81
2987 58.80
2988 58.82
2989 58.82
2990 58.82
2991 58.82
2992 58.82
2993 58.82
2994 58.81
2995 58.83
2996 58.82
2997 58.81
2998 58.83
2999 58.83
3000 58.82
3001 58.82
3002 58.81
3003 58.83
3004 58.82
3005 58.82
3006 58.82
3007 58.82
3008 58.82
3009 58.82
3010 58.82
3011 58.82
3012 58.82
3013 58.83
3014 58.82
3015 58.83
3016 58.82
3017 58.83
3018 58.83
3019 58.83
3020 58.82
3021 58.83
3022 58.83
3023 58.82
3024 58.83
3025 58.82
3026 58.82
3027 58.82
3028 58.84
3029 58.84
3030 58.83
3031 58.83
3032 58.82
3033 58.83
3034 58.82
3035 58.83
3036 58.82
3037 58.83
3038 58.82
3039 58.82
3040 58.83
3041 58.83
3042 58.82
3043 58.83
3044 58.83
3045 58.82
3046 58.82
3047 58.83
3048 58.83
3049 58.83
3050 58.83
3051 58.83
3052 58.83
3053 58.83
3054 58.83
3055 58.83
3056 58.82
3057 58.83
3058 58.83
3059 58.82
3060 58.84
3061 58.84
3062 58.84
3063 58.83
3064 58.83
3065 58.83
3066 58.84
3067 58.84
3068 58.84
3069 58.84
3070 58.83
3071 58.83
3072 58.83
3073 58.82
3074 58.83
3075 58.82
3076 58.82
3077 58.82
3078 58.83
3079 58.83
3080 58.82
3081 58.83
3082 58.83
3083 58.82
3084 58.82
3085 58.82
3086 58.82
3087 58.82
3088 58.82
3089 58.82
3090 58.82
3091 58.84
3092 58.83
3093 58.83
3094 58.83
3095 58.82
3096 58.83
3097 58.83
3098 58.83
3099 58.82
3100 58.82
3101 58.84
3102 58.84
3103 58.83
3104 58.83
3105 58.83
3106 58.83
3107 58.83
3108 58.84
3109 58.82
3110 58.82
3111 58.84
3112 58.83
3113 58.83
3114 58.84
3115 58.83
3116 58.83
3117 58.84
3118 58.83
3119 58.84
3120 58.84
3121 58.83
3122 58.84
3123 58.84
3124 58.83
3125 58.83
3126 58.84
3127 58.84
3128 58.84
3129 58.83
3130 58.84
3131 58.83
3132 58.83
3133 58.84
3134 58.84
3135 58.84
3136 58.84
3137 58.83
3138 58.84
3139 58.84
3140 58.84
3141 58.84
3142 58.84
3143 58.82
3144 58.83
3145 58.84
3146 58.84
3147 58.84
3148 58.83
3149 58.84
3150 58.84
3151 58.83
3152 58.84
3153 58.83
3154 58.84
3155 58.84
3156 58.84
3157 58.83
3158 58.83
3159 58.83
3160 58.83
3161 58.84
3162 58.84
3163 58.84
3164 58.84
3165 58.83
3166 58.84
3167 58.84
3168 58.83
3169 58.83
3170 58.84
3171 58.84
3172 58.84
3173 58.84
3174 58.84
3175 58.84
3176 58.84
3177 58.83
3178 58.83
3179 58.84
3180 58.83
3181 58.83
3182 58.84
3183 58.84
3184 58.83
3185 58.84
3186 58.84
3187 58.84
3188 58.83
3189 58.84
3190 58.84
3191 58.84
3192 58.84
3193 58.84
3194 58.84
3195 58.83
3196 58.84
3197 58.84
3198 58.83
3199 58.84
3200 58.84
3201 58.84
3202 58.84
3203 58.84
3204 58.84
3205 58.83
3206 58.84
3207 58.83
3208 58.83
3209 58.84
3210 58.84
3211 58.84
3212 58.84
3213 58.84
3214 58.83
3215 58.84
3216 58.84
3217 58.84
3218 58.84
3219 58.84
3220 58.84
3221 58.84
3222 58.84
3223 58.84
3224 58.84
3225 58.84
3226 58.84
3227 58.84
3228 58.84
3229 58.84
3230 58.83
3231 58.84
3232 58.84
3233 58.83
3234 58.84
3235 58.84
3236 58.84
3237 58.84
3238 58.83
3239 58.83
3240 58.84
3241 58.83
3242 58.84
3243 58.84
3244 58.84
3245 58.84
3246 58.84
3247 58.84
3248 58.84
3249 58.84
3250 58.84
3251 58.84
3252 58.84
3253 58.83
3254 58.84
3255 58.83
3256 58.84
3257 58.84
3258 58.84
3259 58.84
3260 58.84
3261 58.84
3262 58.84
3263 58.84
3264 58.84
3265 58.84
3266 58.84
3267 58.84
3268 58.84
3269 58.84
3270 58.83
3271 58.84
3272 58.84
3273 58.84
3274 58.84
3275 58.84
3276 58.84
3277 58.84
3278 58.84
3279 58.84
3280 58.84
3281 58.84
3282 58.84
3283 58.84
3284 58.84
3285 58.84
3286 58.84
3287 58.84
3288 58.84
3289 58.84
3290 58.84
3291 58.84
3292 58.84
3293 58.84
3294 58.84
3295 58.84
3296 58.84
3297 58.84
3298 58.84
3299 58.84
3300 58.84
3301 58.84
3302 58.84
3303 58.84
3304 58.84
3305 58.84
3306 58.84
3307 58.84
3308 58.84
3309 58.84
3310 58.84
3311 58.84
3312 58.84
3313 58.84
3314 58.84
3315 58.84
3316 58.84
3317 58.84
3318 58.84
3319 58.84
3320 58.84
3321 58.84
3322 58.84
3323 58.84
3324 58.83
3325 58.84
3326 58.84
3327 58.84
3328 58.84
3329 58.84
3330 58.84
3331 58.84
3332 58.84
3333 58.84
3334 58.85
3335 58.84
3336 58.84
3337 58.84
3338 58.84
3339 58.84
3340 58.84
3341 58.84
3342 58.84
3343 58.84
3344 58.84
3345 58.84
3346 58.84
3347 58.84
3348 58.84
3349 58.84
3350 58.84
3351 58.84
3352 58.84
3353 58.84
3354 58.84
3355 58.84
3356 58.84
3357 58.84
3358 58.84
3359 58.84
3360 58.84
3361 58.84
3362 58.84
3363 58.84
3364 58.84
3365 58.84
3366 58.85
3367 58.84
3368 58.84
3369 58.84
3370 58.84
3371 58.84
3372 58.84
3373 58.84
3374 58.85
3375 58.84
3376 58.84
3377 58.84
3378 58.84
3379 58.84
3380 58.84
3381 58.84
3382 58.85
3383 58.84
3384 58.84
3385 58.84
3386 58.84
3387 58.84
3388 58.84
3389 58.84
3390 58.84
3391 58.84
3392 58.84
3393 58.84
3394 58.84
3395 58.85
3396 58.84
3397 58.84
3398 58.84
3399 58.84
3400 58.85
3401 58.85
3402 58.84
3403 58.84
3404 58.84
3405 58.84
3406 58.84
3407 58.84
3408 58.84
3409 58.84
3410 58.85
3411 58.84
3412 58.84
3413 58.85
3414 58.84
3415 58.84
3416 58.84
3417 58.84
3418 58.84
3419 58.84
3420 58.84
3421 58.84
3422 58.84
3423 58.84
3424 58.85
3425 58.84
3426 58.84
3427 58.84
3428 58.84
3429 58.86
3430 58.84
3431 58.84
3432 58.84
3433 58.86
3434 58.84
3435 58.84
3436 58.84
3437 58.86
3438 58.85
3439 58.85
3440 58.84
3441 58.84
3442 58.85
3443 58.84
3444 58.84
3445 58.84
3446 58.84
3447 58.84
3448 58.84
3449 58.84
3450 58.84
3451 58.84
3452 58.84
3453 58.85
3454 58.84
3455 58.84
3456 58.84
3457 58.84
3458 58.84
3459 58.84
3460 58.84
3461 58.85
3462 58.84
3463 58.85
3464 58.85
3465 58.84
3466 58.85
3467 58.84
3468 58.84
3469 58.86
3470 58.86
3471 58.85
3472 58.85
3473 58.85
3474 58.84
3475 58.84
3476 58.85
3477 58.85
3478 58.86
3479 58.85
3480 58.85
3481 58.85
3482 58.85
3483 58.84
3484 58.85
3485 58.86
3486 58.86
3487 58.85
3488 58.85
3489 58.85
3490 58.87
3491 58.85
3492 58.85
3493 58.84
3494 58.84
3495 58.86
3496 58.86
3497 58.86
3498 58.86
3499 58.86
3500 58.85
3501 58.85
3502 58.86
3503 58.85
3504 58.86
3505 58.85
3506 58.85
3507 58.86
3508 58.85
3509 58.85
3510 58.85
3511 58.86
3512 58.85
3513 58.86
3514 58.84
3515 58.84
3516 58.86
3517 58.84
3518 58.84
3519 58.87
3520 58.86
3521 58.87
3522 58.85
3523 58.85
3524 58.86
3525 58.86
3526 58.86
3527 58.84
3528 58.84
3529 58.85
3530 58.85
3531 58.87
3532 58.85
3533 58.86
3534 58.85
3535 58.86
3536 58.88
3537 58.85
3538 58.85
3539 58.86
3540 58.86
3541 58.84
3542 58.86
3543 58.85
3544 58.86
3545 58.84
3546 58.86
3547 58.86
3548 58.87
3549 58.86
3550 58.84
3551 58.86
3552 58.85
3553 58.85
3554 58.87
3555 58.88
3556 58.89
3557 58.88
3558 58.85
3559 58.86
3560 58.86
3561 58.85
3562 58.86
3563 58.85
3564 58.87
3565 58.86
3566 58.86
3567 58.85
3568 58.86
3569 58.87
3570 58.87
3571 58.88
3572 58.86
3573 58.88
3574 58.87
3575 58.88
3576 58.86
3577 58.87
3578 58.86
3579 58.87
3580 58.89
3581 58.87
3582 58.88
3583 58.86
3584 58.86
3585 58.86
3586 58.87
3587 58.87
3588 58.86
3589 58.86
3590 58.87
3591 58.87
3592 58.87
3593 58.87
3594 58.88
3595 58.87
3596 58.86
3597 58.88
3598 58.86
3599 58.88
3600 58.87
3601 58.85
3602 58.86
3603 58.86
3604 58.87
3605 58.86
3606 58.89
3607 58.88
3608 58.88
3609 58.88
3610 58.88
3611 58.86
3612 58.86
3613 58.88
3614 58.88
3615 58.89
3616 58.87
3617 58.86
3618 58.88
3619 58.87
3620 58.86
3621 58.86
3622 58.88
3623 58.87
3624 58.86
3625 58.88
3626 58.89
3627 58.88
3628 58.87
3629 58.88
3630 58.90
3631 58.87
3632 58.87
3633 58.88
3634 58.89
3635 58.89
3636 58.88
3637 58.87
3638 58.88
3639 58.87
3640 58.88
3641 58.89
3642 58.88
3643 58.87
3644 58.88
3645 58.87
3646 58.86
3647 58.88
3648 58.88
3649 58.89
3650 58.88
3651 58.88
3652 58.87
3653 58.89
3654 58.90
3655 58.89
3656 58.90
3657 58.89
3658 58.88
3659 58.86
3660 58.89
3661 58.88
3662 58.89
3663 58.88
3664 58.88
3665 58.89
3666 58.91
3667 58.87
3668 58.90
3669 58.89
3670 58.91
3671 58.93
3672 58.86
3673 58.89
3674 58.89
3675 58.88
3676 58.91
3677 58.89
3678 58.89
3679 58.90
3680 58.89
3681 58.90
3682 58.91
3683 58.89
3684 58.89
3685 58.90
3686 58.88
3687 58.89
3688 58.89
3689 58.86
3690 58.90
3691 58.91
3692 58.91
3693 58.91
3694 58.90
3695 58.87
3696 58.89
3697 58.89
3698 58.90
3699 58.89
3700 58.89
3701 58.88
3702 58.90
3703 58.88
3704 58.89
3705 58.91
3706 58.90
3707 58.92
3708 58.89
3709 58.91
3710 58.89
3711 58.89
3712 58.87
3713 58.89
3714 58.88
3715 58.90
3716 58.90
3717 58.91
3718 58.91
3719 58.90
3720 58.90
3721 58.90
3722 58.88
3723 58.90
3724 58.91
3725 58.91
3726 58.91
3727 58.90
3728 58.89
3729 58.91
3730 58.91
3731 58.92
3732 58.89
3733 58.95
3734 58.91
3735 58.90
3736 58.92
3737 58.92
3738 58.90
3739 58.91
3740 58.91
3741 58.92
3742 58.93
3743 58.88
3744 58.90
3745 58.93
3746 58.91
3747 58.89
3748 58.95
3749 58.91
3750 58.91
3751 58.90
3752 58.89
3753 58.90
3754 58.90
3755 58.92
3756 58.90
3757 58.91
3758 58.91
3759 58.93
3760 58.90
3761 58.92
3762 58.90
3763 58.93
3764 58.92
3765 58.91
3766 58.90
3767 58.91
3768 58.91
3769 58.95
3770 58.94
3771 58.91
3772 58.93
3773 58.95
3774 58.93
3775 58.93
3776 58.91
3777 58.93
3778 58.93
3779 58.91
3780 58.93
3781 58.96
3782 58.94
3783 58.96
3784 58.92
3785 58.92
3786 58.91
3787 58.95
3788 58.93
3789 58.92
3790 58.91
3791 58.94
3792 58.91
3793 58.95
3794 58.92
3795 58.93
3796 58.96
3797 58.93
3798 58.93
3799 58.93
3800 58.93
3801 58.96
3802 58.93
3803 58.96
3804 58.93
3805 58.95
3806 58.95
3807 58.94
3808 58.94
3809 58.98
3810 58.94
3811 58.93
3812 58.91
3813 58.94
3814 58.95
3815 58.94
3816 58.95
3817 58.92
3818 58.94
3819 58.96
3820 58.95
3821 58.95
3822 58.95
3823 58.93
3824 58.96
3825 58.94
3826 58.95
3827 58.95
3828 58.94
3829 58.96
3830 58.94
3831 58.96
3832 58.95
3833 58.96
3834 58.95
3835 58.95
3836 58.99
3837 58.96
3838 58.96
3839 58.95
3840 58.95
3841 58.95
3842 58.93
3843 58.96
3844 58.95
3845 58.96
3846 58.96
3847 58.96
3848 58.97
3849 58.95
3850 58.95
3851 58.96
3852 58.94
3853 58.95
3854 58.95
3855 58.94
3856 58.98
3857 58.96
3858 58.98
3859 58.97
3860 58.96
3861 58.96
3862 58.97
3863 58.97
3864 58.97
3865 58.99
3866 58.95
3867 58.96
3868 58.97
3869 58.99
3870 58.97
3871 58.97
3872 58.95
3873 58.98
3874 58.95
3875 58.98
3876 58.96
3877 58.95
3878 58.98
3879 58.95
3880 58.94
3881 58.95
3882 58.95
3883 58.95
3884 58.97
3885 58.98
3886 59.00
3887 58.99
3888 58.95
3889 58.95
3890 59.00
3891 58.98
3892 58.97
3893 58.97
3894 58.96
3895 58.97
3896 58.97
3897 59.00
3898 58.95
3899 58.96
3900 58.98
3901 58.97
3902 58.97
3903 59.00
3904 58.97
3905 58.96
3906 58.97
3907 58.97
3908 58.97
3909 59.01
3910 58.99
3911 58.97
3912 58.98
3913 58.99
3914 58.99
3915 58.99
3916 59.00
3917 59.01
3918 59.00
3919 58.98
3920 58.98
3921 58.99
3922 59.00
3923 58.99
3924 58.97
3925 59.02
3926 58.97
3927 58.98
3928 59.03
3929 58.99
3930 59.01
3931 59.00
3932 58.99
3933 59.00
3934 59.00
3935 58.98
3936 59.01
3937 59.00
3938 59.00
3939 58.97
3940 58.98
3941 58.97
3942 59.00
3943 59.00
3944 58.96
3945 59.00
3946 59.01
3947 59.01
3948 58.98
3949 58.96
3950 58.97
3951 59.02
3952 59.00
3953 58.99
3954 58.99
3955 58.99
3956 59.02
3957 59.02
3958 59.00
3959 59.01
3960 58.98
3961 59.02
3962 59.00
3963 59.01
3964 59.02
3965 59.02
3966 59.01
3967 59.01
3968 59.03
3969 59.01
3970 59.02
3971 59.00
3972 59.01
3973 59.02
3974 59.00
3975 59.00
3976 59.01
3977 59.00
3978 59.02
3979 58.99
3980 59.02
3981 59.00
3982 58.99
3983 59.03
3984 58.99
3985 59.01
3986 59.02
3987 59.03
3988 59.00
3989 59.02
3990 58.98
3991 59.01
3992 58.99
3993 59.00
3994 58.99
3995 59.03
3996 59.03
3997 59.02
3998 58.99
3999 59.02
4000 59.03
4001 59.02
4002 59.02
4003 59.02
4004 59.01
4005 59.03
4006 59.03
4007 59.02
4008 59.02
4009 59.02
4010 59.00
4011 59.02
4012 59.01
4013 59.04
4014 59.02
4015 59.03
4016 59.03
4017 59.04
4018 59.04
4019 59.02
4020 59.01
4021 59.02
4022 59.02
4023 59.03
4024 59.01
4025 59.02
4026 59.03
4027 59.03
4028 59.04
4029 59.04
4030 59.02
4031 59.03
4032 59.02
4033 59.04
4034 59.02
4035 59.03
4036 59.01
4037 59.03
4038 59.04
4039 59.03
4040 59.02
4041 59.01
4042 59.03
4043 59.02
4044 59.04
4045 59.02
4046 59.02
4047 59.04
4048 59.03
4049 59.04
4050 59.04
4051 59.04
4052 59.02
4053 59.03
4054 59.01
4055 59.02
4056 59.01
4057 59.04
4058 59.05
4059 59.05
4060 59.03
4061 59.03
4062 59.03
4063 59.04
4064 59.04
4065 59.03
4066 59.03
4067 59.04
4068 59.05
4069 59.03
4070 59.05
4071 59.02
4072 59.02
4073 59.03
4074 59.03
4075 59.05
4076 59.03
4077 59.03
4078 59.03
4079 59.03
4080 59.04
4081 59.00
4082 59.04
4083 59.05
4084 59.03
4085 59.05
4086 59.05
4087 59.02
4088 59.01
4089 59.01
4090 59.01
4091 59.04
4092 59.03
4093 59.04
4094 59.02
4095 59.02
4096 59.05
4097 59.04
4098 59.04
4099 59.00
4100 59.04
4101 59.04
4102 59.02
4103 59.01
4104 59.04
4105 59.02
4106 59.03
4107 59.03
4108 59.02
4109 59.03
4110 59.02
4111 59.04
4112 59.03
4113 59.04
4114 59.03
4115 59.02
4116 59.04
4117 59.04
4118 59.03
4119 59.04
4120 59.04
4121 59.02
4122 59.04
4123 59.05
4124 59.07
4125 59.01
4126 59.05
4127 59.04
4128 59.05
4129 59.05
4130 59.00
4131 59.03
4132 59.01
4133 59.03
4134 59.05
4135 59.05
4136 59.05
4137 59.05
4138 59.05
4139 59.05
4140 59.00
4141 59.04
4142 59.04
4143 59.05
4144 59.00
4145 59.04
4146 59.05
4147 59.05
4148 59.04
4149 59.04
4150 59.04
4151 59.05
4152 59.04
4153 59.04
4154 59.05
4155 59.04
4156 59.02
4157 59.04
4158 59.03
4159 59.04
4160 59.04
4161 59.03
4162 59.05
4163 59.04
4164 59.06
4165 59.05
4166 59.05
4167 59.04
4168 59.04
4169 59.06
4170 59.03
4171 59.06
4172 59.06
4173 59.06
4174 59.05
4175 59.05
4176 59.05
4177 59.05
4178 59.04
4179 59.06
4180 59.07
4181 59.05
4182 59.05
4183 59.05
4184 59.04
4185 59.05
4186 59.05
4187 59.04
4188 59.04
4189 59.05
4190 59.05
4191 59.04
4192 59.05
4193 59.05
4194 59.04
4195 59.04
4196 59.03
4197 59.05
4198 59.05
4199 59.06
4200 59.04
4201 59.06
4202 59.04
4203 59.06
4204 59.06
4205 59.05
4206 59.05
4207 59.05
4208 59.05
4209 59.07
4210 59.06
4211 59.05
4212 59.06
4213 59.06
4214 59.07
4215 59.06
4216 59.05
4217 59.04
4218 59.06
4219 59.06
4220 59.04
4221 59.05
4222 59.06
4223 59.07
4224 59.07
4225 59.05
4226 59.05
4227 59.07
4228 59.06
4229 59.05
4230 59.06
4231 59.05
4232 59.05
4233 59.07
4234 59.07
4235 59.08
4236 59.04
4237 59.05
4238 59.07
4239 59.05
4240 59.07
4241 59.07
4242 59.06
4243 59.07
4244 59.08
4245 59.06
4246 59.06
4247 59.06
4248 59.07
4249 59.05
4250 59.06
4251 59.06
4252 59.07
4253 59.05
4254 59.05
4255 59.05
4256 59.05
4257 59.05
4258 59.07
4259 59.04
4260 59.07
4261 59.05
4262 59.06
4263 59.07
4264 59.07
4265 59.06
4266 59.05
4267 59.07
4268 59.08
4269 59.07
4270 59.08
4271 59.05
4272 59.08
4273 59.07
4274 59.06
4275 59.04
4276 59.07
4277 59.06
4278 59.07
4279 59.04
4280 59.06
4281 59.07
4282 59.06
4283 59.07
4284 59.07
4285 59.07
4286 59.06
4287 59.07
4288 59.07
4289 59.07
4290 59.04
4291 59.06
4292 59.06
4293 59.07
4294 59.07
4295 59.04
4296 59.07
4297 59.06
4298 59.06
4299 59.06
4300 59.05
4301 59.06
4302 59.05
4303 59.06
4304 59.08
4305 59.07
4306 59.08
4307 59.05
4308 59.08
4309 59.06
4310 59.06
4311 59.07
4312 59.07
4313 59.06
4314 59.07
4315 59.05
4316 59.07
4317 59.05
4318 59.07
4319 59.07
4320 59.06
4321 59.06
4322 59.07
4323 59.07
4324 59.07
4325 59.07
4326 59.07
4327 59.07
4328 59.07
4329 59.07
4330 59.07
4331 59.06
4332 59.07
4333 59.07
4334 59.08
4335 59.07
4336 59.07
4337 59.07
4338 59.07
4339 59.07
4340 59.06
4341 59.07
4342 59.07
4343 59.07
4344 59.06
4345 59.07
4346 59.05
4347 59.07
4348 59.06
4349 59.07
4350 59.07
4351 59.06
4352 59.06
4353 59.07
4354 59.08
4355 59.06
4356 59.07
4357 59.07
4358 59.07
4359 59.08
4360 59.07
4361 59.07
4362 59.07
4363 59.07
4364 59.08
4365 59.06
4366 59.07
4367 59.06
4368 59.07
4369 59.07
4370 59.08
4371 59.07
4372 59.07
4373 59.08
4374 59.08
4375 59.07
4376 59.07
4377 59.07
4378 59.07
4379 59.07
4380 59.08
4381 59.07
4382 59.07
4383 59.07
4384 59.07
4385 59.08
4386 59.07
4387 59.07
4388 59.07
4389 59.07
4390 59.06
4391 59.08
4392 59.07
4393 59.08
4394 59.07
4395 59.08
4396 59.07
4397 59.07
4398 59.07
4399 59.06
4400 59.07
4401 59.07
4402 59.07
4403 59.07
4404 59.07
4405 59.07
4406 59.08
4407 59.07
4408 59.07
4409 59.08
4410 59.07
4411 59.07
4412 59.07
4413 59.08
4414 59.07
4415 59.08
4416 59.08
4417 59.07
4418 59.07
4419 59.07
4420 59.07
4421 59.07
4422 59.07
4423 59.07
4424 59.06
4425 59.08
4426 59.08
4427 59.08
4428 59.07
4429 59.07
4430 59.08
4431 59.08
4432 59.07
4433 59.07
4434 59.08
4435 59.08
4436 59.07
4437 59.08
4438 59.08
4439 59.08
4440 59.08
4441 59.07
4442 59.07
4443 59.07
4444 59.07
4445 59.07
4446 59.08
4447 59.07
4448 59.06
4449 59.07
4450 59.07
4451 59.07
4452 59.07
4453 59.07
4454 59.08
4455 59.06
4456 59.07
4457 59.08
4458 59.06
4459 59.08
4460 59.06
4461 59.07
4462 59.07
4463 59.07
4464 59.08
4465 59.07
4466 59.07
4467 59.07
4468 59.07
4469 59.07
4470 59.07
4471 59.08
4472 59.07
4473 59.08
4474 59.07
4475 59.07
4476 59.07
4477 59.07
4478 59.07
4479 59.08
4480 59.07
4481 59.08
4482 59.07
4483 59.07
4484 59.08
4485 59.07
4486 59.07
4487 59.07
4488 59.07
4489 59.07
4490 59.06
4491 59.07
4492 59.07
4493 59.06
4494 59.07
4495 59.08
4496 59.08
4497 59.07
4498 59.07
4499 59.08
4500 59.08
4501 59.07
4502 59.08
4503 59.07
4504 59.08
4505 59.08
4506 59.08
4507 59.06
4508 59.07
4509 59.08
4510 59.06
4511 59.08
4512 59.07
4513 59.07
4514 59.07
4515 59.08
4516 59.07
4517 59.08
4518 59.08
4519 59.08
4520 59.08
4521 59.08
4522 59.07
4523 59.08
4524 59.07
4525 59.07
4526 59.08
4527 59.08
4528 59.08
4529 59.08
4530 59.07
4531 59.07
4532 59.07
4533 59.08
4534 59.07
4535 59.08
4536 59.08
4537 59.08
4538 59.07
4539 59.07
4540 59.07
4541 59.07
4542 59.07
4543 59.07
4544 59.08
4545 59.07
4546 59.08
4547 59.07
4548 59.07
4549 59.08
4550 59.07
4551 59.07
4552 59.08
4553 59.07
4554 59.08
4555 59.07
4556 59.08
4557 59.08
4558 59.08
4559 59.08
4560 59.08
4561 59.08
4562 59.08
4563 59.08
4564 59.07
4565 59.08
4566 59.08
4567 59.07
4568 59.08
4569 59.08
4570 59.08
4571 59.08
4572 59.08
4573 59.07
4574 59.08
4575 59.08
4576 59.07
4577 59.07
4578 59.08
4579 59.08
4580 59.08
4581 59.08
4582 59.07
4583 59.07
4584 59.08
4585 59.07
4586 59.08
4587 59.08
4588 59.08
4589 59.08
4590 59.07
4591 59.08
4592 59.07
4593 59.08
4594 59.08
4595 59.08
4596 59.08
4597 59.08
4598 59.07
4599 59.08
4600 59.08
4601 59.07
4602 59.08
4603 59.08
4604 59.08
4605 59.07
4606 59.08
4607 59.08
4608 59.08
4609 59.07
4610 59.07
4611 59.08
4612 59.08
4613 59.07
4614 59.08
4615 59.08
4616 59.08
4617 59.07
4618 59.08
4619 59.07
4620 59.08
4621 59.07
4622 59.08
4623 59.08
4624 59.08
4625 59.08
4626 59.07
4627 59.07
4628 59.08
4629 59.08
4630 59.07
4631 59.07
4632 59.08
4633 59.07
4634 59.07
4635 59.08
4636 59.08
4637 59.07
4638 59.08
4639 59.07
4640 59.07
4641 59.08
4642 59.07
4643 59.07
4644 59.08
4645 59.07
4646 59.08
4647 59.08
4648 59.07
4649 59.07
4650 59.07
4651 59.07
4652 59.08
4653 59.07
4654 59.08
4655 59.08
4656 59.08
4657 59.07
4658 59.07
4659 59.07
4660 59.07
4661 59.08
4662 59.08
4663 59.07
4664 59.08
4665 59.07
4666 59.08
4667 59.08
4668 59.07
4669 59.07
4670 59.08
4671 59.08
4672 59.07
4673 59.08
4674 59.08
4675 59.08
4676 59.08
4677 59.08
4678 59.08
4679 59.07
4680 59.08
4681 59.07
4682 59.08
4683 59.08
4684 59.08
4685 59.07
4686 59.08
4687 59.08
4688 59.08
4689 59.08
4690 59.08
4691 59.08
4692 59.08
4693 59.07
4694 59.08
4695 59.08
4696 59.08
4697 59.08
4698 59.08
4699 59.08
4700 59.09
4701 59.08
4702 59.08
4703 59.08
4704 59.08
4705 59.08
4706 59.08
4707 59.08
4708 59.08
4709 59.08
4710 59.08
4711 59.07
4712 59.08
4713 59.08
4714 59.08
4715 59.08
4716 59.08
4717 59.08
4718 59.07
4719 59.07
4720 59.08
4721 59.08
4722 59.08
4723 59.08
4724 59.08
4725 59.07
4726 59.08
4727 59.07
4728 59.07
4729 59.08
4730 59.07
4731 59.08
4732 59.08
4733 59.07
4734 59.08
4735 59.07
4736 59.07
4737 59.08
4738 59.08
4739 59.07
4740 59.08
4741 59.08
4742 59.08
4743 59.08
4744 59.09
4745 59.08
4746 59.08
4747 59.07
4748 59.08
4749 59.07
4750 59.08
4751 59.08
4752 59.08
4753 59.07
4754 59.08
4755 59.08
4756 59.06
4757 59.08
4758 59.08
4759 59.07
4760 59.07
4761 59.08
4762 59.08
4763 59.08
4764 59.07
4765 59.08
4766 59.08
4767 59.07
4768 59.08
4769 59.08
4770 59.08
4771 59.08
4772 59.08
4773 59.08
4774 59.07
4775 59.08
4776 59.08
4777 59.08
4778 59.08
4779 59.08
4780 59.08
4781 59.07
4782 59.08
4783 59.07
4784 59.08
4785 59.08
4786 59.08
4787 59.08
4788 59.08
4789 59.08
4790 59.08
4791 59.08
4792 59.08
4793 59.08
4794 59.08
4795 59.08
4796 59.08
4797 59.08
4798 59.08
4799 59.08
4800 59.07
4801 59.08
4802 59.08
4803 59.08
4804 59.07
4805 59.07
4806 59.08
4807 59.08
4808 59.07
4809 59.08
4810 59.08
4811 59.08
4812 59.08
4813 59.08
4814 59.07
4815 59.09
4816 59.08
4817 59.08
4818 59.08
4819 59.08
4820 59.07
4821 59.08
4822 59.08
4823 59.08
4824 59.08
4825 59.08
4826 59.07
4827 59.08
4828 59.08
4829 59.07
4830 59.08
4831 59.08
4832 59.07
4833 59.08
4834 59.08
4835 59.08
4836 59.08
4837 59.08
4838 59.08
4839 59.08
4840 59.07
4841 59.08
4842 59.08
4843 59.08
4844 59.08
4845 59.08
4846 59.08
4847 59.07
4848 59.08
4849 59.08
4850 59.08
4851 59.07
4852 59.08
4853 59.08
4854 59.08
4855 59.08
4856 59.08
4857 59.08
4858 59.08
4859 59.08
4860 59.08
4861 59.07
4862 59.07
4863 59.08
4864 59.08
4865 59.08
4866 59.07
4867 59.08
4868 59.08
4869 59.07
4870 59.08
4871 59.07
4872 59.08
4873 59.07
4874 59.08
4875 59.08
4876 59.08
4877 59.08
4878 59.08
4879 59.08
4880 59.07
4881 59.08
4882 59.08
4883 59.08
4884 59.08
4885 59.08
4886 59.09
4887 59.08
4888 59.08
4889 59.08
4890 59.08
4891 59.08
4892 59.08
4893 59.08
4894 59.08
4895 59.08
4896 59.08
4897 59.08
4898 59.08
4899 59.08
4900 59.08
4901 59.08
4902 59.07
4903 59.08
4904 59.08
4905 59.08
4906 59.08
4907 59.08
4908 59.08
4909 59.08
4910 59.08
4911 59.09
4912 59.08
4913 59.08
4914 59.07
4915 59.08
4916 59.08
4917 59.08
4918 59.08
4919 59.08
4920 59.07
4921 59.08
4922 59.08
4923 59.07
4924 59.08
4925 59.08
4926 59.08
4927 59.08
4928 59.08
4929 59.07
4930 59.08
4931 59.08
4932 59.08
4933 59.08
4934 59.08
4935 59.08
4936 59.07
4937 59.08
4938 59.08
4939 59.08
4940 59.08
4941 59.08
4942 59.08
4943 59.08
4944 59.08
4945 59.08
4946 59.08
4947 59.08
4948 59.08
4949 59.08
4950 59.08
4951 59.08
4952 59.07
4953 59.07
4954 59.08
4955 59.07
4956 59.08
4957 59.08
4958 59.08
4959 59.08
4960 59.08
4961 59.08
4962 59.08
4963 59.08
4964 59.08
4965 59.08
4966 59.08
4967 59.07
4968 59.07
4969 59.08
4970 59.08
4971 59.08
4972 59.08
4973 59.08
4974 59.07
4975 59.08
4976 59.08
4977 59.08
4978 59.08
4979 59.08
4980 59.08
4981 59.08
4982 59.08
4983 59.08
4984 59.08
4985 59.08
4986 59.08
4987 59.08
4988 59.08
4989 59.08
4990 59.08
4991 59.08
4992 59.08
4993 59.08
4994 59.07
4995 59.08
4996 59.08
4997 59.09
4998 59.08
4999 59.08
5000 59.08
5001 59.08
5002 59.08
5003 59.08
5004 59.08
5005 59.08
5006 59.08
5007 59.09
5008 59.08
5009 59.08
5010 59.08
5011 59.08
5012 59.08
5013 59.09
5014 59.09
5015 59.08
5016 59.08
5017 59.08
5018 59.08
5019 59.08
5020 59.08
5021 59.08
5022 59.08
5023 59.08
5024 59.07
5025 59.08
5026 59.08
5027 59.08
5028 59.08
5029 59.08
5030 59.08
5031 59.08
5032 59.07
5033 59.08
5034 59.08
5035 59.09
5036 59.08
5037 59.08
5038 59.08
5039 59.08
5040 59.08
5041 59.08
5042 59.08
5043 59.08
5044 59.08
5045 59.08
5046 59.08
5047 59.08
5048 59.08
5049 59.08
5050 59.08
5051 59.08
5052 59.08
5053 59.08
5054 59.08
5055 59.08
5056 59.08
5057 59.08
5058 59.09
5059 59.08
5060 59.08
5061 59.08
5062 59.08
5063 59.08
5064 59.08
5065 59.09
5066 59.08
5067 59.08
5068 59.08
5069 59.08
5070 59.08
5071 59.09
5072 59.08
5073 59.08
5074 59.08
5075 59.08
5076 59.08
5077 59.09
5078 59.08
5079 59.08
5080 59.09
5081 59.08
5082 59.08
5083 59.08
5084 59.09
5085 59.08
5086 59.08
5087 59.09
5088 59.08
5089 59.08
5090 59.08
5091 59.08
5092 59.08
5093 59.08
5094 59.08
5095 59.08
5096 59.08
5097 59.08
5098 59.08
5099 59.09
5100 59.08
5101 59.09
5102 59.08
5103 59.08
5104 59.09
5105 59.09
5106 59.07
5107 59.08
5108 59.08
5109 59.08
5110 59.08
5111 59.08
5112 59.08
5113 59.08
5114 59.08
5115 59.08
5116 59.08
5117 59.08
5118 59.09
5119 59.08
5120 59.08
5121 59.09
5122 59.08
5123 59.08
5124 59.04
5125 58.90
5126 58.84
5127 58.69
5128 58.59
5129 58.35
5130 58.34
5131 58.11
5132 58.08
5133 57.91
5134 57.85
5135 57.76
5136 57.61
5137 57.47
5138 57.36
5139 57.18
5140 57.06
5141 56.87
5142 56.70
5143 56.60
5144 56.35
5145 56.00
5146 55.66
5147 55.17
5148 54.83
5149 54.32
5150 53.79
5151 53.26
5152 52.75
5153 52.23
5154 51.57
5155 51.07
5156 50.40
5157 49.88
5158 49.24
5159 48.69
5160 48.02
5161 47.52
5162 46.86
5163 46.34
5164 45.81
5165 45.16
5166 44.48
5167 43.97
5168 43.32
5169 42.84
5170 42.34
5171 41.76
5172 41.25
5173 40.82
5174 40.41
5175 40.03
5176 39.61
5177 39.17
5178 38.91
5179 38.48
5180 38.18
5181 37.80
5182 37.40
5183 37.11
5184 36.77
5185 36.44
5186 36.08
5187 35.76
5188 35.49
5189 35.12
5190 34.87
5191 34.60
5192 34.25
5193 33.98
5194 33.75
5195 33.49
5196 33.23
5197 32.91
5198 32.65
5199 32.42
5200 32.19
5201 31.97
5202 31.72
5203 31.42
5204 31.12
5205 30.88
5206 30.65
5207 30.43
5208 30.21
5209 29.98
5210 29.76
5211 29.54
5212 29.32
5213 29.10
5214 28.89
5215 28.67
5216 28.45
5217 28.24
5218 28.02
5219 27.80
5220 27.59
5221 27.38
5222 27.18
5223 26.98
5224 26.86
5225 26.67
5226 26.49
5227 26.29
5228 26.08
5229 25.87
5230 25.77
5231 25.61
5232 25.43
5233 25.21
5234 25.05
5235 24.94
5236 24.78
5237 24.57
5238 24.37
5239 24.26
5240 24.12
5241 23.93
5242 23.73
5243 23.67
5244 23.50
5245 23.33
5246 23.23
5247 23.07
5248 22.89
5249 22.83
5250 22.65
5251 22.47
5252 22.41
5253 22.23
5254 22.07
5255 22.00
5256 21.80
5257 21.75
5258 21.59
5259 21.46
5260 21.38
5261 21.19
5262 21.15
5263 20.96
5264 20.90
5265 20.75
5266 20.62
5267 20.54
5268 20.35
5269 20.27
5270 20.12
5271 19.98
5272 19.91
5273 19.73
5274 19.67
5275 19.49
5276 19.48
5277 19.29
5278 19.26
5279 19.09
5280 19.05
5281 18.91
5282 18.85
5283 18.70
5284 18.64
5285 18.49
5286 18.45
5287 18.31
5288 18.24
5289 18.15
5290 18.03
5291 17.94
5292 17.83
5293 17.76
5294 17.62
5295 17.60
5296 17.43
5297 17.41
5298 17.26
5299 17.21
5300 17.14
5301 17.00
5302 16.97
5303 16.81
5304 16.79
5305 16.67
5306 16.59
5307 16.53
5308 16.39
5309 16.37
5310 16.23
5311 16.18
5312 16.16
5313 15.98
5314 15.97
5315 15.88
5316 15.77
5317 15.75
5318 15.59
5319 15.56
5320 15.48
5321 15.39
5322 15.35
5323 15.35
5324 15.19
5325 15.15
5326 15.07
5327 14.95
5328 14.95
5329 14.92
5330 14.74
5331 14.71
5332 14.62
5333 14.54
5334 14.51
5335 14.36
5336 14.31
5337 14.19
5338 14.14
5339 14.09
5340 13.99
5341 13.91
5342 13.77
5343 13.74
5344 13.72
5345 13.67
5346 13.54
5347 13.51
5348 13.39
5349 13.32
5350 13.29
5351 13.20
5352 13.12
5353 13.11
5354 13.05
5355 12.93
5356 12.92
5357 12.91
5358 12.76
5359 12.73
5360 12.72
