1 7.14
2 7.14
3 7.54
4 7.93
5 8.29
6 8.71
7 9.98
8 14.67
9 19.06
10 24.04
11 28.81
12 32.70
13 36.22
14 38.94
15 40.60
16 41.65
17 42.79
18 43.90
19 44.94
20 45.87
21 46.58
22 47.28
23 47.90
24 48.37
25 48.78
26 49.18
27 49.49
28 49.81
29 50.12
30 50.36
31 50.56
32 50.67
33 50.84
34 51.07
35 51.31
36 51.54
37 51.71
38 51.91
39 52.05
40 52.28
41 52.51
42 52.64
43 52.76
44 52.97
45 53.02
46 53.21
47 53.26
48 53.46
49 53.48
50 53.60
51 53.71
52 53.72
53 53.84
54 53.95
55 53.96
56 54.00
57 54.10
58 54.18
59 54.20
60 54.20
61 54.25
62 54.35
63 54.39
64 54.44
65 54.44
66 54.45
67 54.51
68 54.58
69 54.67
70 54.68
71 54.68
72 54.69
73 54.71
74 54.75
75 54.85
76 54.90
77 54.93
78 54.93
79 54.93
80 54.95
81 54.97
82 55.03
83 55.08
84 55.14
85 55.17
86 55.17
87 55.17
88 55.18
89 55.20
90 55.21
91 55.27
92 55.31
93 55.33
94 55.39
95 55.41
96 55.41
97 55.41
98 55.42
99 55.42
100 55.45
101 55.47
102 55.51
103 55.54
104 55.61
105 55.64
106 55.64
107 55.65
108 55.65
109 55.66
110 55.66
111 55.66
112 55.66
113 55.69
114 55.68
115 55.71
116 55.75
117 55.79
118 55.84
119 55.84
120 55.87
121 55.88
122 55.90
123 55.89
124 55.90
125 55.90
126 55.90
127 55.90
128 55.91
129 55.93
130 55.93
131 55.97
132 55.96
133 56.02
134 56.02
135 56.06
136 56.08
137 56.12
138 56.12
139 56.13
140 56.12
141 56.14
142 56.15
143 56.14
144 56.14
145 56.14
146 56.15
147 56.14
148 56.15
149 56.17
150 56.16
151 56.18
152 56.21
153 56.24
154 56.25
155 56.27
156 56.30
157 56.29
158 56.32
159 56.31
160 56.35
161 56.36
162 56.38
163 56.36
164 56.38
165 56.37
166 56.39
167 56.38
168 56.39
169 56.39
170 56.39
171 56.39
172 56.39
173 56.39
174 56.40
175 56.39
176 56.40
177 56.40
178 56.42
179 56.44
180 56.43
181 56.44
182 56.46
183 56.48
184 56.49
185 56.54
186 56.55
187 56.57
188 56.58
189 56.58
190 56.61
191 56.60
192 56.61
193 56.60
194 56.62
195 56.62
196 56.63
197 56.62
198 56.62
199 56.63
200 56.63
201 56.63
202 56.63
203 56.63
204 56.63
205 56.64
206 56.63
207 56.63
208 56.63
209 56.63
210 56.63
211 56.65
212 56.64
213 56.63
214 56.65
215 56.64
216 56.65
217 56.65
218 56.67
219 56.66
220 56.68
221 56.70
222 56.70
223 56.71
224 56.75
225 56.73
226 56.74
227 56.74
228 56.76
229 56.76
230 56.79
231 56.79
232 56.79
233 56.79
234 56.81
235 56.82
236 56.84
237 56.82
238 56.83
239 56.85
240 56.84
241 56.86
242 56.86
243 56.86
244 56.86
245 56.87
246 56.85
247 56.87
248 56.87
249 56.87
250 56.87
251 56.87
252 56.87
253 56.87
254 56.87
255 56.87
256 56.87
257 56.87
258 56.87
259 56.88
260 56.88
261 56.87
262 56.87
263 56.87
264 56.88
265 56.87
266 56.88
267 56.89
268 56.88
269 56.88
270 56.88
271 56.87
272 56.89
273 56.89
274 56.89
275 56.90
276 56.89
277 56.90
278 56.90
279 56.91
280 56.91
281 56.93
282 56.91
283 56.93
284 56.94
285 56.94
286 56.96
287 56.94
288 56.93
289 56.98
290 56.93
291 56.97
292 56.96
293 56.96
294 56.95
295 56.99
296 56.98
297 56.98
298 56.98
299 56.99
300 57.02
301 57.03
302 57.01
303 57.04
304 57.06
305 57.06
306 57.06
307 57.06
308 57.06
309 57.05
310 57.08
311 57.06
312 57.06
313 57.07
314 57.08
315 57.11
316 57.08
317 57.09
318 57.10
319 57.09
320 57.09
321 57.10
322 57.10
323 57.11
324 57.10
325 57.12
326 57.12
327 57.10
328 57.10
329 57.11
330 57.11
331 57.12
332 57.11
333 57.12
334 57.11
335 57.12
336 57.12
337 57.12
338 57.11
339 57.12
340 57.12
341 57.12
342 57.12
343 57.12
344 57.12
345 57.12
346 57.12
347 57.12
348 57.12
349 57.12
350 57.12
351 57.12
352 57.12
353 57.12
354 57.12
355 57.12
356 57.12
357 57.12
358 57.12
359 57.12
360 57.12
361 57.12
362 57.12
363 57.13
364 57.13
365 57.12
366 57.12
367 57.12
368 57.13
369 57.12
370 57.13
371 57.12
372 57.12
373 57.12
374 57.13
375 57.13
376 57.13
377 57.13
378 57.13
379 57.12
380 57.13
381 57.12
382 57.13
383 57.14
384 57.14
385 57.15
386 57.16
387 57.15
388 57.15
389 57.14
390 57.14
391 57.15
392 57.13
393 57.15
394 57.17
395 57.16
396 57.16
397 57.17
398 57.15
399 57.15
400 57.19
401 57.18
402 57.19
403 57.19
404 57.22
405 57.18
406 57.19
407 57.18
408 57.20
409 57.19
410 57.20
411 57.20
412 57.20
413 57.21
414 57.20
415 57.22
416 57.22
417 57.21
418 57.19
419 57.22
420 57.21
421 57.21
422 57.22
423 57.26
424 57.26
425 57.23
426 57.22
427 57.27
428 57.26
429 57.24
430 57.25
431 57.26
432 57.26
433 57.25
434 57.27
435 57.27
436 57.27
437 57.26
438 57.27
439 57.30
440 57.27
441 57.28
442 57.27
443 57.28
444 57.29
445 57.28
446 57.31
447 57.31
448 57.32
449 57.32
450 57.29
451 57.34
452 57.32
453 57.31
454 57.31
455 57.31
456 57.34
457 57.32
458 57.31
459 57.34
460 57.34
461 57.32
462 57.33
463 57.31
464 57.34
465 57.33
466 57.33
467 57.35
468 57.33
469 57.34
470 57.36
471 57.36
472 57.34
473 57.35
474 57.34
475 57.35
476 57.35
477 57.35
478 57.35
479 57.34
480 57.35
481 57.35
482 57.35
483 57.36
484 57.36
485 57.36
486 57.35
487 57.35
488 57.35
489 57.36
490 57.36
491 57.36
492 57.36
493 57.36
494 57.36
495 57.36
496 57.36
497 57.36
498 57.35
499 57.36
500 57.36
501 57.36
502 57.36
503 57.36
504 57.36
505 57.36
506 57.36
507 57.36
508 57.36
509 57.36
510 57.36
511 57.36
512 57.36
513 57.36
514 57.36
515 57.37
516 57.36
517 57.36
518 57.36
519 57.36
520 57.36
521 57.36
522 57.36
523 57.36
524 57.36
525 57.37
526 57.36
527 57.36
528 57.37
529 57.37
530 57.36
531 57.36
532 57.36
533 57.36
534 57.37
535 57.36
536 57.36
537 57.36
538 57.36
539 57.36
540 57.37
541 57.37
542 57.36
543 57.36
544 57.38
545 57.36
546 57.36
547 57.37
548 57.37
549 57.38
550 57.37
551 57.37
552 57.36
553 57.37
554 57.36
555 57.37
556 57.38
557 57.37
558 57.38
559 57.37
560 57.36
561 57.36
562 57.39
563 57.38
564 57.38
565 57.37
566 57.38
567 57.38
568 57.38
569 57.37
570 57.38
571 57.38
572 57.36
573 57.37
574 57.39
575 57.36
576 57.38
577 57.38
578 57.39
579 57.39
580 57.39
581 57.38
582 57.40
583 57.38
584 57.39
585 57.39
586 57.40
587 57.39
588 57.39
589 57.41
590 57.38
591 57.39
592 57.40
593 57.38
594 57.40
595 57.40
596 57.41
597 57.43
598 57.39
599 57.40
600 57.41
601 57.39
602 57.40
603 57.42
604 57.43
605 57.41
606 57.41
607 57.41
608 57.43
609 57.40
610 57.43
611 57.41
612 57.43
613 57.42
614 57.45
615 57.45
616 57.45
617 57.46
618 57.45
619 57.42
620 57.43
621 57.46
622 57.45
623 57.44
624 57.45
625 57.44
626 57.46
627 57.48
628 57.49
629 57.50
630 57.46
631 57.48
632 57.44
633 57.47
634 57.49
635 57.45
636 57.50
637 57.48
638 57.48
639 57.48
640 57.45
641 57.49
642 57.47
643 57.49
644 57.50
645 57.50
646 57.50
647 57.53
648 57.52
649 57.48
650 57.53
651 57.53
652 57.52
653 57.50
654 57.52
655 57.52
656 57.55
657 57.51
658 57.53
659 57.53
660 57.54
661 57.55
662 57.55
663 57.53
664 57.57
665 57.55
666 57.54
667 57.55
668 57.53
669 57.55
670 57.53
671 57.57
672 57.58
673 57.56
674 57.57
675 57.55
676 57.57
677 57.57
678 57.57
679 57.56
680 57.56
681 57.58
682 57.57
683 57.58
684 57.55
685 57.57
686 57.59
687 57.56
688 57.58
689 57.59
690 57.58
691 57.59
692 57.58
693 57.59
694 57.59
695 57.59
696 57.59
697 57.59
698 57.58
699 57.59
700 57.59
701 57.60
702 57.60
703 57.60
704 57.59
705 57.59
706 57.59
707 57.60
708 57.59
709 57.60
710 57.59
711 57.60
712 57.59
713 57.61
714 57.59
715 57.60
716 57.61
717 57.60
718 57.60
719 57.61
720 57.60
721 57.60
722 57.60
723 57.60
724 57.60
725 57.60
726 57.60
727 57.60
728 57.60
729 57.60
730 57.60
731 57.60
732 57.60
733 57.61
734 57.60
735 57.60
736 57.60
737 57.60
738 57.60
739 57.60
740 57.61
741 57.61
742 57.61
743 57.60
744 57.60
745 57.60
746 57.61
747 57.61
748 57.61
749 57.61
750 57.61
751 57.60
752 57.61
753 57.60
754 57.60
755 57.60
756 57.61
757 57.61
758 57.60
759 57.61
760 57.60
761 57.61
762 57.61
763 57.60
764 57.61
765 57.61
766 57.61
767 57.61
768 57.61
769 57.61
770 57.61
771 57.61
772 57.61
773 57.61
774 57.61
775 57.61
776 57.61
777 57.61
778 57.60
779 57.61
780 57.61
781 57.61
782 57.61
783 57.61
784 57.61
785 57.61
786 57.61
787 57.61
788 57.61
789 57.61
790 57.61
791 57.61
792 57.61
793 57.61
794 57.61
795 57.61
796 57.61
797 57.61
798 57.61
799 57.61
800 57.61
801 57.62
802 57.61
803 57.61
804 57.61
805 57.62
806 57.61
807 57.61
808 57.62
809 57.61
810 57.61
811 57.61
812 57.62
813 57.61
814 57.61
815 57.61
816 57.61
817 57.62
818 57.61
819 57.62
820 57.61
821 57.61
822 57.61
823 57.61
824 57.61
825 57.62
826 57.62
827 57.61
828 57.62
829 57.62
830 57.62
831 57.63
832 57.62
833 57.61
834 57.62
835 57.62
836 57.62
837 57.63
838 57.62
839 57.61
840 57.62
841 57.63
842 57.64
843 57.62
844 57.61
845 57.62
846 57.64
847 57.63
848 57.62
849 57.62
850 57.62
851 57.62
852 57.62
853 57.62
854 57.62
855 57.64
856 57.64
857 57.62
858 57.63
859 57.63
860 57.63
861 57.63
862 57.66
863 57.64
864 57.63
865 57.66
866 57.66
867 57.64
868 57.63
869 57.64
870 57.64
871 57.64
872 57.63
873 57.65
874 57.65
875 57.66
876 57.64
877 57.63
878 57.64
879 57.66
880 57.67
881 57.66
882 57.68
883 57.65
884 57.65
885 57.65
886 57.65
887 57.69
888 57.66
889 57.66
890 57.66
891 57.68
892 57.67
893 57.66
894 57.67
895 57.67
896 57.67
897 57.68
898 57.66
899 57.68
900 57.67
901 57.68
902 57.67
903 57.69
904 57.68
905 57.69
906 57.64
907 57.68
908 57.65
909 57.66
910 57.67
911 57.68
912 57.66
913 57.69
914 57.69
915 57.69
916 57.68
917 57.71
918 57.69
919 57.71
920 57.71
921 57.71
922 57.68
923 57.74
924 57.72
925 57.72
926 57.71
927 57.71
928 57.70
929 57.72
930 57.75
931 57.74
932 57.71
933 57.72
934 57.73
935 57.71
936 57.71
937 57.71
938 57.71
939 57.73
940 57.75
941 57.71
942 57.73
943 57.78
944 57.76
945 57.75
946 57.75
947 57.75
948 57.75
949 57.76
950 57.75
951 57.74
952 57.74
953 57.76
954 57.75
955 57.74
956 57.74
957 57.78
958 57.75
959 57.76
960 57.74
961 57.74
962 57.77
963 57.78
964 57.75
965 57.76
966 57.76
967 57.74
968 57.79
969 57.76
970 57.78
971 57.80
972 57.78
973 57.79
974 57.74
975 57.78
976 57.77
977 57.80
978 57.78
979 57.79
980 57.79
981 57.78
982 57.78
983 57.78
984 57.80
985 57.76
986 57.78
987 57.78
988 57.80
989 57.78
990 57.81
991 57.81
992 57.79
993 57.82
994 57.80
995 57.81
996 57.80
997 57.81
998 57.81
999 57.80
1000 57.80
1001 57.81
1002 57.81
1003 57.81
1004 57.81
1005 57.82
1006 57.82
1007 57.81
1008 57.83
1009 57.83
1010 57.81
1011 57.81
1012 57.82
1013 57.81
1014 57.81
1015 57.80
1016 57.83
1017 57.82
1018 57.81
1019 57.82
1020 57.83
1021 57.81
1022 57.83
1023 57.83
1024 57.81
1025 57.83
1026 57.83
1027 57.81
1028 57.82
1029 57.84
1030 57.83
1031 57.81
1032 57.82
1033 57.83
1034 57.85
1035 57.83
1036 57.84
1037 57.83
1038 57.83
1039 57.85
1040 57.83
1041 57.83
1042 57.84
1043 57.84
1044 57.85
1045 57.82
1046 57.85
1047 57.84
1048 57.85
1049 57.84
1050 57.84
1051 57.84
1052 57.84
1053 57.83
1054 57.84
1055 57.84
1056 57.85
1057 57.83
1058 57.85
1059 57.84
1060 57.83
1061 57.85
1062 57.85
1063 57.84
1064 57.85
1065 57.84
1066 57.84
1067 57.84
1068 57.85
1069 57.85
1070 57.85
1071 57.85
1072 57.85
1073 57.84
1074 57.84
1075 57.85
1076 57.84
1077 57.85
1078 57.85
1079 57.85
1080 57.84
1081 57.85
1082 57.85
1083 57.85
1084 57.85
1085 57.85
1086 57.85
1087 57.85
1088 57.85
1089 57.85
1090 57.85
1091 57.85
1092 57.85
1093 57.85
1094 57.85
1095 57.85
1096 57.85
1097 57.85
1098 57.85
1099 57.85
1100 57.84
1101 57.85
1102 57.85
1103 57.85
1104 57.85
1105 57.85
1106 57.85
1107 57.85
1108 57.85
1109 57.85
1110 57.85
1111 57.85
1112 57.84
1113 57.85
1114 57.85
1115 57.85
1116 57.85
1117 57.85
1118 57.85
1119 57.85
1120 57.85
1121 57.85
1122 57.85
1123 57.85
1124 57.85
1125 57.85
1126 57.85
1127 57.85
1128 57.85
1129 57.85
1130 57.86
1131 57.85
1132 57.85
1133 57.85
1134 57.85
1135 57.85
1136 57.85
1137 57.85
1138 57.85
1139 57.85
1140 57.86
1141 57.85
1142 57.85
1143 57.86
1144 57.85
1145 57.85
1146 57.86
1147 57.85
1148 57.85
1149 57.86
1150 57.86
1151 57.85
1152 57.85
1153 57.86
1154 57.85
1155 57.85
1156 57.85
1157 57.85
1158 57.85
1159 57.85
1160 57.86
1161 57.85
1162 57.85
1163 57.85
1164 57.85
1165 57.85
1166 57.85
1167 57.85
1168 57.85
1169 57.86
1170 57.85
1171 57.86
1172 57.86
1173 57.85
1174 57.85
1175 57.85
1176 57.86
1177 57.85
1178 57.86
1179 57.86
1180 57.85
1181 57.86
1182 57.86
1183 57.85
1184 57.86
1185 57.85
1186 57.86
1187 57.85
1188 57.85
1189 57.85
1190 57.86
1191 57.85
1192 57.85
1193 57.85
1194 57.86
1195 57.85
1196 57.86
1197 57.85
1198 57.86
1199 57.86
1200 57.88
1201 57.86
1202 57.86
1203 57.86
1204 57.85
1205 57.86
1206 57.85
1207 57.86
1208 57.86
1209 57.86
1210 57.85
1211 57.86
1212 57.86
1213 57.86
1214 57.86
1215 57.87
1216 57.87
1217 57.85
1218 57.86
1219 57.87
1220 57.88
1221 57.86
1222 57.86
1223 57.87
1224 57.86
1225 57.86
1226 57.87
1227 57.86
1228 57.86
1229 57.87
1230 57.86
1231 57.86
1232 57.87
1233 57.85
1234 57.88
1235 57.87
1236 57.87
1237 57.87
1238 57.87
1239 57.87
1240 57.86
1241 57.87
1242 57.87
1243 57.86
1244 57.87
1245 57.86
1246 57.87
1247 57.87
1248 57.87
1249 57.85
1250 57.87
1251 57.86
1252 57.87
1253 57.88
1254 57.86
1255 57.86
1256 57.87
1257 57.86
1258 57.88
1259 57.86
1260 57.87
1261 57.88
1262 57.86
1263 57.87
1264 57.87
1265 57.87
1266 57.89
1267 57.87
1268 57.88
1269 57.88
1270 57.87
1271 57.90
1272 57.88
1273 57.89
1274 57.90
1275 57.88
1276 57.88
1277 57.89
1278 57.88
1279 57.88
1280 57.88
1281 57.88
1282 57.88
1283 57.90
1284 57.89
1285 57.88
1286 57.89
1287 57.88
1288 57.89
1289 57.88
1290 57.90
1291 57.88
1292 57.89
1293 57.90
1294 57.88
1295 57.90
1296 57.90
1297 57.89
1298 57.87
1299 57.90
1300 57.90
1301 57.90
1302 57.90
1303 57.88
1304 57.92
1305 57.89
1306 57.89
1307 57.91
1308 57.91
1309 57.90
1310 57.88
1311 57.90
1312 57.92
1313 57.90
1314 57.93
1315 57.92
1316 57.90
1317 57.91
1318 57.90
1319 57.91
1320 57.91
1321 57.89
1322 57.92
1323 57.92
1324 57.90
1325 57.90
1326 57.93
1327 57.91
1328 57.91
1329 57.89
1330 57.94
1331 57.93
1332 57.95
1333 57.91
1334 57.92
1335 57.92
1336 57.92
1337 57.92
1338 57.91
1339 57.91
1340 57.93
1341 57.93
1342 57.94
1343 57.92
1344 57.92
1345 57.93
1346 57.91
1347 57.93
1348 57.91
1349 57.94
1350 57.95
1351 57.96
1352 57.96
1353 57.95
1354 57.95
1355 57.95
1356 57.97
1357 57.95
1358 57.94
1359 57.96
1360 57.96
1361 57.92
1362 57.95
1363 57.97
1364 57.96
1365 58.00
1366 57.94
1367 57.95
1368 57.97
1369 57.97
1370 57.96
1371 58.00
1372 57.96
1373 57.96
1374 57.99
1375 57.99
1376 57.99
1377 57.95
1378 57.97
1379 57.97
1380 57.99
1381 57.97
1382 57.97
1383 57.98
1384 57.98
1385 57.99
1386 57.96
1387 57.98
1388 57.97
1389 57.99
1390 57.99
1391 58.00
1392 57.99
1393 58.00
1394 57.99
1395 58.00
1396 57.99
1397 57.97
1398 57.98
1399 57.99
1400 57.99
1401 57.97
1402 58.01
1403 58.00
1404 57.99
1405 58.01
1406 58.01
1407 58.01
1408 58.02
1409 57.99
1410 57.99
1411 58.00
1412 58.03
1413 58.01
1414 58.02
1415 58.01
1416 58.00
1417 57.97
1418 57.86
1419 57.61
1420 57.41
1421 57.36
1422 57.31
1423 57.13
1424 57.12
1425 56.94
1426 56.88
1427 56.83
1428 56.67
1429 56.63
1430 56.63
1431 56.57
1432 56.47
1433 56.49
1434 56.39
1435 56.33
1436 56.09
1437 55.78
1438 55.57
1439 55.31
1440 55.16
1441 54.92
1442 54.69
1443 54.53
1444 54.32
1445 54.18
1446 53.96
1447 53.72
1448 53.52
1449 53.41
1450 53.23
1451 52.99
1452 52.51
1453 52.04
1454 51.41
1455 50.83
1456 50.15
1457 49.65
1458 49.10
1459 48.47
1460 47.78
1461 47.15
1462 46.58
1463 45.99
1464 45.40
1465 44.71
1466 44.20
1467 43.54
1468 42.94
1469 42.38
1470 41.73
1471 41.20
1472 40.55
1473 40.08
1474 39.62
1475 39.16
1476 38.71
1477 38.25
1478 37.80
1479 37.36
1480 36.96
1481 36.61
1482 36.22
1483 35.87
1484 35.53
1485 35.10
1486 34.86
1487 34.42
1488 34.17
1489 33.82
1490 33.53
1491 33.19
1492 32.86
1493 32.62
1494 32.34
1495 32.02
1496 31.75
1497 31.52
1498 31.30
1499 31.05
1500 30.77
1501 30.50
1502 30.23
1503 30.02
1504 29.79
1505 29.56
1506 29.33
1507 29.11
1508 28.89
1509 28.67
1510 28.46
1511 28.23
1512 28.01
1513 27.80
1514 27.59
1515 27.41
1516 27.25
1517 27.13
1518 26.91
1519 26.72
1520 26.51
1521 26.29
1522 26.12
1523 25.98
1524 25.81
1525 25.63
1526 25.43
1527 25.29
1528 25.19
1529 25.00
1530 24.80
1531 24.77
1532 24.57
1533 24.51
1534 24.35
1535 24.14
1536 23.93
1537 23.71
1538 23.55
1539 23.48
1540 23.29
1541 23.14
1542 23.05
1543 22.86
1544 22.72
1545 22.64
1546 22.44
1547 22.27
1548 22.15
1549 22.01
1550 21.82
1551 21.75
1552 21.59
1553 21.43
1554 21.37
1555 21.24
1556 21.17
1557 21.04
1558 20.96
1559 20.75
1560 20.53
1561 20.22
1562 19.94
1563 19.71
1564 19.49
1565 19.28
1566 19.08
1567 18.96
1568 18.86
1569 18.81
1570 18.78
1571 18.76
1572 18.77
1573 18.81
1574 18.86
1575 18.85
1576 18.86
1577 18.85
1578 18.86
1579 18.82
1580 18.76
1581 18.72
1582 18.66
1583 18.62
1584 18.47
1585 18.45
1586 18.31
1587 18.24
1588 18.06
1589 18.02
1590 17.86
1591 17.76
1592 17.62
1593 17.56
1594 17.42
1595 17.39
1596 17.21
1597 17.16
1598 17.00
1599 17.00
1600 16.89
1601 16.82
1602 16.79
1603 16.75
1604 16.63
1605 16.59
1606 16.57
1607 16.41
1608 16.38
1609 16.36
1610 16.30
1611 16.18
1612 16.14
1613 16.06
1614 15.97
1615 15.96
1616 15.85
1617 15.77
1618 15.77
1619 15.76
1620 15.72
1621 15.59
1622 15.56
1623 15.53
1624 15.42
1625 15.35
1626 15.35
1627 15.26
1628 15.15
1629 15.14
1630 15.06
1631 15.01
1632 14.97
1633 14.95
1634 14.94
1635 14.91
1636 14.81
1637 14.76
1638 14.74
1639 14.74
1640 14.72
1641 14.70
1642 14.63
1643 14.60
1644 14.57
1645 14.54
1646 14.54
1647 14.53
1648 14.49
1649 14.44
1650 14.38
1651 14.34
1652 14.33
1653 14.32
1654 14.21
1655 14.14
1656 14.13
1657 14.13
1658 14.12
1659 14.08
1660 13.99
1661 13.93
1662 13.92
1663 13.84
1664 13.75
1665 13.72
1666 13.72
1667 13.70
1668 13.65
1669 13.55
1670 13.52
1671 13.51
1672 13.46
1673 13.40
1674 13.33
1675 13.32
1676 13.31
1677 13.27
1678 13.24
1679 13.15
1680 13.12
1681 13.11
1682 13.09
1683 13.06
1684 12.98
1685 12.96
1686 12.92
1687 12.91
1688 12.91
1689 12.91
1690 12.91
1691 12.85
1692 12.77
1693 12.72
1694 12.71
1695 12.71
1696 12.71
1697 12.68
1698 12.64
1699 12.64
1700 12.60
