1 16.55
2 16.56
3 16.58
4 16.59
5 16.60
6 16.65
7 16.79
8 17.00
9 17.13
10 18.03
11 20.99
12 24.12
13 27.13
14 29.99
15 32.64
16 35.03
17 36.68
18 38.05
19 39.17
20 40.25
21 40.96
22 41.31
23 41.69
24 42.15
25 42.54
26 42.92
27 43.31
28 43.73
29 44.00
30 44.24
31 44.47
32 44.69
33 44.81
34 44.94
35 45.16
36 45.20
37 45.40
38 45.42
39 45.61
40 45.64
41 45.75
42 45.87
43 45.90
44 46.04
45 46.11
46 46.16
47 46.32
48 46.34
49 46.44
50 46.56
51 46.58
52 46.67
53 46.81
54 46.81
55 46.92
56 47.04
57 47.06
58 47.23
59 47.28
60 47.34
61 47.47
62 47.52
63 47.55
64 47.72
65 47.75
66 47.81
67 47.97
68 47.99
69 48.04
70 48.19
71 48.23
72 48.27
73 48.44
74 48.47
75 48.54
76 48.68
77 48.71
78 48.76
79 48.91
80 48.94
81 48.98
82 49.15
83 49.18
84 49.20
85 49.36
86 49.41
87 49.42
88 49.53
89 49.64
90 49.65
91 49.73
92 49.86
93 49.89
94 49.91
95 50.06
96 50.12
97 50.15
98 50.19
99 50.32
100 50.37
101 50.41
102 50.51
103 50.59
104 50.60
105 50.66
106 50.78
107 50.83
108 50.83
109 50.88
110 51.00
111 51.07
112 51.08
113 51.14
114 51.26
115 51.31
116 51.31
117 51.35
118 51.44
119 51.54
120 51.56
121 51.58
122 51.61
123 51.74
124 51.78
125 51.80
126 51.83
127 51.91
128 52.00
129 52.03
130 52.03
131 52.07
132 52.16
133 52.26
134 52.27
135 52.28
136 52.32
137 52.39
138 52.44
139 52.51
140 52.52
141 52.52
142 52.58
143 52.68
144 52.71
145 52.76
146 52.76
147 52.82
148 52.90
149 52.95
150 52.99
151 52.99
152 53.02
153 53.04
154 53.12
155 53.21
156 53.23
157 53.23
158 53.24
159 53.27
160 53.36
161 53.45
162 53.47
163 53.48
164 53.49
165 53.51
166 53.56
167 53.62
168 53.69
169 53.71
170 53.72
171 53.72
172 53.77
173 53.81
174 53.91
175 53.94
176 53.95
177 53.96
178 53.97
179 54.00
180 54.04
181 54.11
182 54.18
183 54.19
184 54.20
185 54.20
186 54.21
187 54.23
188 54.28
189 54.34
190 54.39
191 54.42
192 54.44
193 54.44
194 54.44
195 54.46
196 54.48
197 54.53
198 54.58
199 54.65
200 54.65
201 54.68
202 54.68
203 54.68
204 54.70
205 54.72
206 54.75
207 54.85
208 54.85
209 54.88
210 54.93
211 54.92
212 54.93
213 54.93
214 54.93
215 54.94
216 54.99
217 55.00
218 55.09
219 55.12
220 55.16
221 55.16
222 55.17
223 55.17
224 55.17
225 55.18
226 55.21
227 55.22
228 55.28
229 55.31
230 55.37
231 55.37
232 55.40
233 55.40
234 55.41
235 55.42
236 55.41
237 55.42
238 55.44
239 55.47
240 55.51
241 55.53
242 55.56
243 55.63
244 55.63
245 55.64
246 55.66
247 55.65
248 55.65
249 55.66
250 55.66
251 55.67
252 55.68
253 55.70
254 55.73
255 55.76
256 55.80
257 55.83
258 55.85
259 55.88
260 55.87
261 55.88
262 55.90
263 55.90
264 55.90
265 55.90
266 55.90
267 55.93
268 55.91
269 55.92
270 55.95
271 56.03
272 56.01
273 56.03
274 56.08
275 56.09
276 56.10
277 56.13
278 56.14
279 56.14
280 56.14
281 56.14
282 56.15
283 56.15
284 56.15
285 56.16
286 56.17
287 56.15
288 56.17
289 56.20
290 56.22
291 56.27
292 56.28
293 56.32
294 56.32
295 56.34
296 56.37
297 56.38
298 56.37
299 56.38
300 56.38
301 56.38
302 56.39
303 56.39
304 56.39
305 56.39
306 56.39
307 56.41
308 56.41
309 56.41
310 56.41
311 56.43
312 56.48
313 56.50
314 56.51
315 56.52
316 56.56
317 56.58
318 56.57
319 56.60
320 56.60
321 56.61
322 56.63
323 56.63
324 56.63
325 56.63
326 56.63
327 56.63
328 56.63
329 56.64
330 56.63
331 56.63
332 56.63
333 56.64
334 56.64
335 56.65
336 56.65
337 56.65
338 56.67
339 56.71
340 56.68
341 56.74
342 56.73
343 56.74
344 56.77
345 56.77
346 56.82
347 56.80
348 56.82
349 56.84
350 56.86
351 56.86
352 56.86
353 56.86
354 56.87
355 56.87
356 56.87
357 56.87
358 56.87
359 56.88
360 56.87
361 56.87
362 56.87
363 56.88
364 56.87
365 56.88
366 56.89
367 56.90
368 56.88
369 56.88
370 56.89
371 56.90
372 56.89
373 56.93
374 56.94
375 56.94
376 56.96
377 56.97
378 56.99
379 57.00
380 57.01
381 56.98
382 57.04
383 57.03
384 57.06
385 57.04
386 57.06
387 57.09
388 57.06
389 57.09
390 57.12
391 57.11
392 57.10
393 57.11
394 57.12
395 57.11
396 57.12
397 57.12
398 57.12
399 57.12
400 57.12
401 57.12
402 57.12
403 57.12
404 57.12
405 57.12
406 57.12
407 57.13
408 57.12
409 57.12
410 57.13
411 57.12
412 57.12
413 57.12
414 57.13
415 57.14
416 57.14
417 57.16
418 57.13
419 57.14
420 57.16
421 57.16
422 57.17
423 57.18
424 57.17
425 57.19
426 57.21
427 57.22
428 57.22
429 57.23
430 57.23
431 57.25
432 57.28
433 57.31
434 57.30
435 57.27
436 57.27
437 57.29
438 57.31
439 57.29
440 57.34
441 57.32
442 57.33
443 57.33
444 57.34
445 57.33
446 57.35
447 57.35
448 57.36
449 57.35
450 57.36
451 57.35
452 57.36
453 57.36
454 57.36
455 57.36
456 57.36
457 57.36
458 57.36
459 57.36
460 57.36
461 57.37
462 57.36
463 57.36
464 57.37
465 57.36
466 57.36
467 57.36
468 57.36
469 57.36
470 57.37
471 57.36
472 57.37
473 57.36
474 57.37
475 57.37
476 57.37
477 57.37
478 57.38
479 57.37
480 57.38
481 57.38
482 57.39
483 57.39
484 57.38
485 57.40
486 57.41
487 57.39
488 57.39
489 57.40
490 57.40
491 57.41
492 57.38
493 57.42
494 57.43
495 57.43
496 57.45
497 57.42
498 57.45
499 57.45
500 57.43
501 57.45
502 57.43
503 57.47
504 57.50
505 57.46
506 57.49
507 57.50
508 57.48
509 57.53
510 57.53
511 57.54
512 57.53
513 57.55
514 57.53
515 57.54
516 57.54
517 57.55
518 57.56
519 57.56
520 57.56
521 57.57
522 57.56
523 57.58
524 57.57
525 57.59
526 57.59
527 57.58
528 57.57
529 57.58
530 57.59
531 57.59
532 57.59
533 57.59
534 57.59
535 57.60
536 57.61
537 57.60
538 57.59
539 57.59
540 57.59
541 57.60
542 57.60
543 57.61
544 57.60
545 57.60
546 57.60
547 57.61
548 57.61
549 57.61
550 57.60
551 57.61
552 57.60
553 57.61
554 57.60
555 57.61
556 57.61
557 57.60
558 57.61
559 57.60
560 57.60
561 57.61
562 57.60
563 57.61
564 57.61
565 57.61
566 57.61
567 57.61
568 57.61
569 57.62
570 57.61
571 57.61
572 57.62
573 57.61
574 57.61
575 57.61
576 57.61
577 57.61
578 57.62
579 57.61
580 57.61
581 57.61
582 57.62
583 57.62
584 57.61
585 57.61
586 57.61
587 57.62
588 57.62
589 57.62
590 57.61
591 57.62
592 57.61
593 57.62
594 57.62
595 57.62
596 57.62
597 57.63
598 57.63
599 57.62
600 57.62
601 57.65
602 57.63
603 57.64
604 57.64
605 57.63
606 57.64
607 57.64
608 57.64
609 57.64
610 57.64
611 57.63
612 57.64
613 57.63
614 57.66
615 57.66
616 57.64
617 57.65
618 57.62
619 57.62
620 57.64
621 57.65
622 57.67
623 57.66
624 57.66
625 57.64
626 57.66
627 57.67
628 57.68
629 57.66
630 57.67
631 57.69
632 57.70
633 57.70
634 57.66
635 57.70
636 57.69
637 57.69
638 57.70
639 57.71
640 57.71
641 57.71
642 57.72
643 57.71
644 57.69
645 57.73
646 57.73
647 57.71
648 57.74
649 57.73
650 57.75
651 57.73
652 57.74
653 57.77
654 57.76
655 57.76
656 57.75
657 57.76
658 57.75
659 57.76
660 57.78
661 57.77
662 57.78
663 57.78
664 57.79
665 57.78
666 57.79
667 57.81
668 57.80
669 57.78
670 57.76
671 57.80
672 57.80
673 57.80
674 57.81
675 57.80
676 57.79
677 57.79
678 57.81
679 57.81
680 57.80
681 57.80
682 57.83
683 57.78
684 57.82
685 57.80
686 57.81
687 57.81
688 57.82
689 57.81
690 57.82
691 57.81
692 57.83
693 57.82
694 57.83
695 57.84
696 57.84
697 57.83
698 57.85
699 57.83
700 57.81
701 57.81
702 57.82
703 57.83
704 57.83
705 57.83
706 57.84
707 57.84
708 57.83
709 57.81
710 57.83
711 57.83
712 57.84
713 57.83
714 57.85
715 57.84
716 57.85
717 57.84
718 57.85
719 57.85
720 57.85
721 57.85
722 57.83
723 57.84
724 57.85
725 57.84
726 57.85
727 57.84
728 57.85
729 57.85
730 57.84
731 57.85
732 57.85
733 57.85
734 57.85
735 57.85
736 57.85
737 57.85
738 57.85
739 57.85
740 57.86
741 57.85
742 57.85
743 57.85
744 57.85
745 57.84
746 57.85
747 57.85
748 57.85
749 57.85
750 57.85
751 57.85
752 57.85
753 57.85
754 57.85
755 57.85
756 57.85
757 57.85
758 57.85
759 57.85
760 57.86
761 57.85
762 57.85
763 57.85
764 57.85
765 57.85
766 57.85
767 57.85
768 57.85
769 57.85
770 57.85
771 57.85
772 57.86
773 57.85
774 57.85
775 57.85
776 57.85
777 57.85
778 57.85
779 57.85
780 57.85
781 57.85
782 57.85
783 57.85
784 57.85
785 57.85
786 57.86
787 57.85
788 57.85
789 57.85
790 57.85
791 57.85
792 57.85
793 57.85
794 57.86
795 57.85
796 57.85
797 57.85
798 57.85
799 57.85
800 57.85
801 57.86
802 57.86
803 57.85
804 57.85
805 57.85
806 57.86
807 57.85
808 57.85
809 57.85
810 57.86
811 57.85
812 57.85
813 57.85
814 57.86
815 57.85
816 57.87
817 57.86
818 57.86
819 57.85
820 57.86
821 57.86
822 57.86
823 57.86
824 57.86
825 57.86
826 57.85
827 57.86
828 57.86
829 57.85
830 57.85
831 57.87
832 57.86
833 57.87
834 57.86
835 57.86
836 57.86
837 57.87
838 57.86
839 57.85
840 57.86
841 57.86
842 57.86
843 57.86
844 57.85
845 57.86
846 57.86
847 57.86
848 57.88
849 57.88
850 57.87
851 57.87
852 57.86
853 57.87
854 57.85
855 57.86
856 57.86
857 57.87
858 57.86
859 57.87
860 57.87
861 57.87
862 57.87
863 57.87
864 57.87
865 57.87
866 57.87
867 57.87
868 57.88
869 57.87
870 57.88
871 57.88
872 57.87
873 57.88
874 57.87
875 57.88
876 57.87
877 57.87
878 57.87
879 57.89
880 57.89
881 57.87
882 57.88
883 57.88
884 57.87
885 57.87
886 57.88
887 57.91
888 57.88
889 57.88
890 57.87
891 57.88
892 57.88
893 57.90
894 57.88
895 57.87
896 57.88
897 57.88
898 57.90
899 57.88
900 57.88
901 57.88
902 57.88
903 57.89
904 57.89
905 57.90
906 57.89
907 57.89
908 57.89
909 57.89
910 57.88
911 57.88
912 57.90
913 57.90
914 57.89
915 57.89
916 57.88
917 57.89
918 57.90
919 57.90
920 57.90
921 57.88
922 57.88
923 57.90
924 57.91
925 57.93
926 57.88
927 57.89
928 57.92
929 57.91
930 57.89
931 57.89
932 57.92
933 57.91
934 57.89
935 57.90
936 57.92
937 57.90
938 57.92
939 57.92
940 57.92
941 57.90
942 57.94
943 57.92
944 57.92
945 57.95
946 57.95
947 57.92
948 57.92
949 57.94
950 57.92
951 57.93
952 57.93
953 57.95
954 57.94
955 57.94
956 57.92
957 57.94
958 57.93
959 57.93
960 57.93
961 57.93
962 57.91
963 57.91
964 57.93
965 57.94
966 57.91
967 57.92
968 57.92
969 57.93
970 57.90
971 57.93
972 57.94
973 57.94
974 57.94
975 57.92
976 57.95
977 57.95
978 57.94
979 57.93
980 57.94
981 57.95
982 57.94
983 57.95
984 57.96
985 57.95
986 57.96
987 57.96
988 57.95
989 57.95
990 57.97
991 57.95
992 57.97
993 57.96
994 57.96
995 57.94
996 57.97
997 57.97
998 57.95
999 57.94
1000 57.97
1001 57.98
1002 57.99
1003 57.97
1004 57.99
1005 57.97
1006 57.99
1007 58.01
1008 58.00
1009 57.99
1010 57.97
1011 57.98
1012 57.98
1013 57.99
1014 58.00
1015 58.01
1016 57.98
1017 57.97
1018 58.02
1019 58.01
1020 58.01
1021 58.00
1022 57.99
1023 58.01
1024 58.01
1025 57.97
1026 58.01
1027 58.01
1028 58.01
1029 58.03
1030 58.02
1031 58.03
1032 58.02
1033 58.01
1034 58.01
1035 58.00
1036 58.00
1037 58.01
1038 58.01
1039 57.98
1040 57.98
1041 58.01
1042 58.05
1043 58.02
1044 58.00
1045 58.00
1046 57.99
1047 58.00
1048 58.01
1049 58.01
1050 58.00
1051 58.04
1052 58.01
1053 58.02
1054 58.02
1055 58.02
1056 58.02
1057 58.01
1058 58.01
1059 58.01
1060 58.05
1061 58.00
1062 58.02
1063 58.01
1064 58.02
1065 58.02
1066 58.02
1067 58.06
1068 58.04
1069 58.02
1070 58.02
1071 58.02
1072 58.03
1073 58.03
1074 58.04
1075 58.03
1076 58.02
1077 58.04
1078 58.04
1079 58.01
1080 58.06
1081 58.04
1082 58.02
1083 58.02
1084 58.04
1085 58.02
1086 57.99
1087 58.06
1088 58.06
1089 58.03
1090 58.04
1091 58.00
1092 58.04
1093 58.03
1094 58.05
1095 58.02
1096 58.06
1097 58.03
1098 58.04
1099 58.07
1100 58.05
1101 58.03
1102 58.04
1103 58.05
1104 58.02
1105 58.06
1106 58.02
1107 58.04
1108 58.07
1109 58.06
1110 58.04
1111 58.05
1112 58.05
1113 58.07
1114 58.05
1115 58.06
1116 58.06
1117 58.05
1118 58.06
1119 58.05
1120 58.06
1121 58.05
1122 58.05
1123 58.07
1124 58.06
1125 58.05
1126 58.05
1127 58.07
1128 58.04
1129 58.08
1130 58.05
1131 58.05
1132 58.06
1133 58.05
1134 58.07
1135 58.03
1136 58.06
1137 58.04
1138 58.06
1139 58.08
1140 58.06
1141 58.06
1142 58.06
1143 58.07
1144 58.05
1145 58.07
1146 58.07
1147 58.07
1148 58.07
1149 58.08
1150 58.06
1151 58.06
1152 58.06
1153 58.06
1154 58.07
1155 58.07
1156 58.06
1157 58.08
1158 58.07
1159 58.06
1160 58.06
1161 58.08
1162 58.08
1163 58.06
1164 58.08
1165 58.07
1166 58.07
1167 58.07
1168 58.08
1169 58.07
1170 58.06
1171 58.08
1172 58.08
1173 58.07
1174 58.08
1175 58.06
1176 58.07
1177 58.08
1178 58.06
1179 58.09
1180 58.08
1181 58.08
1182 58.07
1183 58.09
1184 58.09
1185 58.06
1186 58.07
1187 58.08
1188 58.09
1189 58.08
1190 58.07
1191 58.08
1192 58.10
1193 58.08
1194 58.09
1195 58.07
1196 58.09
1197 58.08
1198 58.08
1199 58.08
1200 58.08
1201 58.10
1202 58.08
1203 58.08
1204 58.08
1205 58.08
1206 58.06
1207 58.07
1208 58.08
1209 58.09
1210 58.07
1211 58.10
1212 58.06
1213 58.09
1214 58.07
1215 58.08
1216 58.08
1217 58.08
1218 58.09
1219 58.09
1220 58.09
1221 58.08
1222 58.08
1223 58.10
1224 58.09
1225 58.08
1226 58.07
1227 58.08
1228 58.08
1229 58.10
1230 58.09
1231 58.08
1232 58.08
1233 58.10
1234 58.08
1235 58.09
1236 58.08
1237 58.09
1238 58.09
1239 58.10
1240 58.09
1241 58.09
1242 58.09
1243 58.09
1244 58.09
1245 58.08
1246 58.09
1247 58.08
1248 58.10
1249 58.09
1250 58.07
1251 58.08
1252 58.08
1253 58.09
1254 58.10
1255 58.10
1256 58.08
1257 58.10
1258 58.09
1259 58.08
1260 58.10
1261 58.08
1262 58.09
1263 58.08
1264 58.07
1265 58.08
1266 58.09
1267 58.09
1268 58.08
1269 58.10
1270 58.10
1271 58.10
1272 58.10
1273 58.09
1274 58.10
1275 58.09
1276 58.10
1277 58.07
1278 58.09
1279 58.09
1280 58.10
1281 58.09
1282 58.09
1283 58.09
1284 58.08
1285 58.09
1286 58.10
1287 58.08
1288 58.10
1289 58.08
1290 58.09
1291 58.10
1292 58.10
1293 58.10
1294 58.09
1295 58.09
1296 58.10
1297 58.09
1298 58.09
1299 58.09
1300 58.10
1301 58.09
1302 58.10
1303 58.08
1304 58.10
1305 58.09
1306 58.09
1307 58.09
1308 58.10
1309 58.08
1310 58.10
1311 58.08
1312 58.10
1313 58.10
1314 58.09
1315 58.08
1316 58.09
1317 58.09
1318 58.10
1319 58.10
1320 58.10
1321 58.10
1322 58.10
1323 58.08
1324 58.08
1325 58.09
1326 58.09
1327 58.10
1328 58.09
1329 58.09
1330 58.10
1331 58.10
1332 58.09
1333 58.10
1334 58.09
1335 58.10
1336 58.10
1337 58.10
1338 58.10
1339 58.10
1340 58.08
1341 58.10
1342 58.10
1343 58.10
1344 58.10
1345 58.09
1346 58.09
1347 58.10
1348 58.09
1349 58.10
1350 58.09
1351 58.10
1352 58.09
1353 58.09
1354 58.10
1355 58.10
1356 58.10
1357 58.09
1358 58.10
1359 58.10
1360 58.10
1361 58.10
1362 58.10
1363 58.10
1364 58.10
1365 58.10
1366 58.10
1367 58.10
1368 58.09
1369 58.09
1370 58.09
1371 58.10
1372 58.10
1373 58.10
1374 58.10
1375 58.09
1376 58.09
1377 58.10
1378 58.10
1379 58.10
1380 58.09
1381 58.10
1382 58.10
1383 58.07
1384 57.87
1385 57.70
1386 57.59
1387 57.36
1388 57.15
1389 56.88
1390 56.60
1391 56.14
1392 55.66
1393 55.04
1394 54.43
1395 53.72
1396 53.00
1397 52.22
1398 51.32
1399 50.46
1400 49.65
1401 48.93
1402 48.01
1403 47.28
1404 46.53
1405 45.67
1406 44.91
1407 44.06
1408 43.31
1409 42.61
1410 41.91
1411 41.22
1412 40.54
1413 39.88
1414 39.34
1415 38.71
1416 38.06
1417 37.52
1418 36.91
1419 36.44
1420 35.88
1421 35.31
1422 34.86
1423 34.29
1424 33.75
1425 33.30
1426 32.84
1427 32.38
1428 31.96
1429 31.53
1430 31.09
1431 30.71
1432 30.41
1433 30.00
1434 29.76
1435 29.39
1436 29.08
1437 28.72
1438 28.46
1439 28.13
1440 27.80
1441 27.56
1442 27.17
1443 26.92
1444 26.68
1445 26.36
1446 26.08
1447 25.85
1448 25.57
1449 25.26
1450 25.03
1451 24.79
1452 24.59
1453 24.42
1454 24.22
1455 23.98
1456 23.73
1457 23.50
1458 23.32
1459 23.07
1460 22.86
1461 22.65
1462 22.43
1463 22.25
1464 22.10
1465 21.99
1466 21.80
1467 21.61
1468 21.43
1469 21.30
1470 21.17
1471 20.96
1472 20.76
1473 20.60
1474 20.46
1475 20.32
1476 20.12
1477 19.91
1478 19.82
1479 19.70
1480 19.49
1481 19.29
1482 19.08
1483 18.96
1484 18.85
1485 18.66
1486 18.48
1487 18.45
1488 18.24
1489 18.18
1490 18.03
1491 17.87
1492 17.82
1493 17.62
1494 17.54
1495 17.41
1496 17.21
1497 17.06
1498 16.95
1499 16.79
1500 16.63
1501 16.50
1502 16.38
1503 16.31
1504 16.18
1505 16.10
1506 15.97
1507 15.92
1508 15.77
1509 15.72
1510 15.56
1511 15.38
1512 15.35
1513 15.24
1514 15.15
1515 15.08
1516 14.95
1517 14.86
1518 14.74
1519 14.71
1520 14.62
1521 14.54
1522 14.41
1523 14.33
1524 14.26
1525 14.13
1526 14.12
1527 13.97
1528 13.93
1529 13.87
1530 13.73
1531 13.70
1532 13.52
1533 13.50
1534 13.38
1535 13.32
1536 13.18
1537 13.12
1538 13.07
1539 12.92
1540 12.83
1541 12.71
1542 12.68
1543 12.62
1544 12.53
1545 12.51
1546 12.46
1547 12.32
1548 12.31
1549 12.29
1550 12.13
1551 12.11
1552 12.05
1553 12.04
1554 11.95
1555 11.92
1556 11.91
1557 11.91
1558 11.91
1559 11.90
1560 11.91
1561 11.82
1562 11.73
1563 11.70
1564 11.60
1565 11.50
1566 11.48
1567 11.33
1568 11.30
1569 11.28
1570 11.15
1571 11.11
1572 11.10
1573 11.03
1574 11.01
1575 10.93
1576 10.90
1577 10.86
1578 10.71
1579 10.68
1580 10.51
1581 10.50
1582 10.38
1583 10.31
1584 10.28
1585 10.16
1586 10.10
1587 10.05
1588 9.95
1589 9.91
1590 9.89
1591 9.77
1592 9.73
1593 9.72
1594 9.71
1595 9.68
1596 9.53
1597 9.48
1598 9.33
1599 9.31
1600 9.23
1601 9.12
1602 9.11
1603 9.09
1604 9.05
1605 9.06
1606 9.09
1607 9.10
1608 9.08
1609 9.07
1610 8.94
1611 8.92
1612 8.90
1613 8.87
1614 8.77
1615 8.72
1616 8.68
1617 8.55
1618 8.52
1619 8.52
1620 8.52
1621 8.52
1622 8.50
1623 8.50
1624 8.51
1625 8.48
1626 8.43
1627 8.34
1628 8.34
1629 8.32
1630 8.31
1631 8.28
1632 8.30
1633 8.30
1634 8.30
1635 8.28
1636 8.26
1637 8.22
1638 8.17
1639 8.14
1640 8.13
1641 8.12
1642 8.13
1643 8.11
1644 8.00
1645 7.97
1646 8.03
1647 8.08
1648 8.12
1649 8.12
1650 8.12
1651 8.12
1652 8.12
1653 8.05
1654 7.95
1655 7.94
1656 7.94
1657 7.94
1658 7.93
1659 7.92
1660 7.91
1661 7.89
1662 7.74
1663 7.71
1664 7.56
1665 7.54
1666 7.51
1667 7.49
1668 7.47
1669 7.46
1670 7.34
