1 10.11
2 10.31
3 10.65
4 10.95
5 11.38
6 11.83
7 12.15
8 12.68
9 16.50
10 20.75
11 24.71
12 28.65
13 32.19
14 35.75
15 38.77
16 41.01
17 42.61
18 43.54
19 44.23
20 44.94
21 45.65
22 46.44
23 47.24
24 47.90
25 48.46
26 48.90
27 49.21
28 49.63
29 49.89
30 50.14
31 50.38
32 50.61
33 50.82
34 50.89
35 51.07
36 51.19
37 51.32
38 51.49
39 51.56
40 51.68
41 51.79
42 51.84
43 52.01
44 52.04
45 52.22
46 52.27
47 52.31
48 52.47
49 52.51
50 52.53
51 52.68
52 52.75
53 52.79
54 52.86
55 52.98
56 53.00
57 53.02
58 53.15
59 53.23
60 53.23
61 53.26
62 53.38
63 53.44
64 53.48
65 53.48
66 53.51
67 53.64
68 53.71
69 53.72
70 53.72
71 53.76
72 53.84
73 53.93
74 53.96
75 53.96
76 53.99
77 54.00
78 54.08
79 54.18
80 54.19
81 54.20
82 54.20
83 54.20
84 54.27
85 54.36
86 54.39
87 54.42
88 54.44
89 54.44
90 54.45
91 54.46
92 54.52
93 54.57
94 54.61
95 54.68
96 54.67
97 54.68
98 54.68
99 54.71
100 54.71
101 54.76
102 54.80
103 54.85
104 54.88
105 54.92
106 54.92
107 54.92
108 54.93
109 54.93
110 54.95
111 54.98
112 55.00
113 55.06
114 55.11
115 55.14
116 55.15
117 55.17
118 55.17
119 55.17
120 55.17
121 55.17
122 55.19
123 55.18
124 55.20
125 55.23
126 55.30
127 55.32
128 55.35
129 55.37
130 55.40
131 55.40
132 55.41
133 55.41
134 55.41
135 55.42
136 55.41
137 55.42
138 55.42
139 55.44
140 55.46
141 55.46
142 55.48
143 55.52
144 55.57
145 55.59
146 55.60
147 55.64
148 55.62
149 55.63
150 55.64
151 55.65
152 55.65
153 55.66
154 55.66
155 55.66
156 55.66
157 55.66
158 55.67
159 55.68
160 55.67
161 55.68
162 55.68
163 55.73
164 55.71
165 55.77
166 55.76
167 55.79
168 55.79
169 55.82
170 55.85
171 55.86
172 55.86
173 55.87
174 55.88
175 55.89
176 55.88
177 55.90
178 55.90
179 55.90
180 55.90
181 55.90
182 55.90
183 55.90
184 55.91
185 55.91
186 55.91
187 55.92
188 55.91
189 55.92
190 55.93
191 55.93
192 55.94
193 55.95
194 55.94
195 55.98
196 56.01
197 56.02
198 56.01
199 56.03
200 56.06
201 56.04
202 56.07
203 56.10
204 56.08
205 56.10
206 56.11
207 56.11
208 56.13
209 56.13
210 56.13
211 56.14
212 56.14
213 56.13
214 56.14
215 56.14
216 56.14
217 56.14
218 56.15
219 56.15
220 56.14
221 56.14
222 56.15
223 56.14
224 56.14
225 56.14
226 56.15
227 56.15
228 56.15
229 56.16
230 56.15
231 56.17
232 56.15
233 56.15
234 56.16
235 56.17
236 56.17
237 56.16
238 56.18
239 56.20
240 56.20
241 56.20
242 56.19
243 56.22
244 56.24
245 56.23
246 56.25
247 56.21
248 56.24
249 56.24
250 56.26
251 56.29
252 56.31
253 56.29
254 56.32
255 56.28
256 56.32
257 56.31
258 56.32
259 56.33
260 56.34
261 56.36
262 56.36
263 56.36
264 56.35
265 56.37
266 56.36
267 56.37
268 56.36
269 56.37
270 56.37
271 56.37
272 56.36
273 56.39
274 56.38
275 56.38
276 56.39
277 56.38
278 56.38
279 56.39
280 56.39
281 56.39
282 56.38
283 56.39
284 56.37
285 56.38
286 56.39
287 56.39
288 56.39
289 56.39
290 56.38
291 56.39
292 56.39
293 56.39
294 56.39
295 56.39
296 56.39
297 56.39
298 56.39
299 56.39
300 56.40
301 56.39
302 56.39
303 56.39
304 56.40
305 56.39
306 56.40
307 56.40
308 56.39
309 56.42
310 56.41
311 56.42
312 56.41
313 56.41
314 56.42
315 56.41
316 56.43
317 56.41
318 56.41
319 56.41
320 56.43
321 56.43
322 56.42
323 56.45
324 56.41
325 56.44
326 56.44
327 56.43
328 56.47
329 56.44
330 56.45
331 56.46
332 56.46
333 56.51
334 56.48
335 56.48
336 56.48
337 56.51
338 56.51
339 56.51
340 56.52
341 56.49
342 56.51
343 56.51
344 56.53
345 56.54
346 56.52
347 56.52
348 56.57
349 56.56
350 56.55
351 56.53
352 56.53
353 56.58
354 56.56
355 56.56
356 56.58
357 56.55
358 56.55
359 56.58
360 56.61
361 56.58
362 56.58
363 56.58
364 56.60
365 56.62
366 56.62
367 56.58
368 56.59
369 56.60
370 56.60
371 56.62
372 56.61
373 56.62
374 56.61
375 56.61
376 56.61
377 56.61
378 56.63
379 56.62
380 56.62
381 56.61
382 56.63
383 56.63
384 56.62
385 56.63
386 56.63
387 56.63
388 56.63
389 56.63
390 56.63
391 56.63
392 56.63
393 56.63
394 56.63
395 56.63
396 56.63
397 56.63
398 56.63
399 56.63
400 56.63
401 56.63
402 56.63
403 56.63
404 56.63
405 56.62
406 56.63
407 56.63
408 56.63
409 56.63
410 56.63
411 56.63
412 56.63
413 56.63
414 56.63
415 56.63
416 56.63
417 56.63
418 56.63
419 56.63
420 56.63
421 56.63
422 56.63
423 56.63
424 56.63
425 56.63
426 56.63
427 56.63
428 56.63
429 56.63
430 56.63
431 56.63
432 56.63
433 56.64
434 56.64
435 56.64
436 56.64
437 56.63
438 56.63
439 56.63
440 56.63
441 56.64
442 56.63
443 56.64
444 56.64
445 56.64
446 56.63
447 56.65
448 56.64
449 56.64
450 56.65
451 56.65
452 56.64
453 56.64
454 56.64
455 56.64
456 56.65
457 56.65
458 56.63
459 56.66
460 56.64
461 56.65
462 56.66
463 56.65
464 56.66
465 56.67
466 56.67
467 56.68
468 56.66
469 56.67
470 56.68
471 56.67
472 56.68
473 56.69
474 56.67
475 56.67
476 56.72
477 56.67
478 56.70
479 56.67
480 56.70
481 56.68
482 56.67
483 56.70
484 56.70
485 56.70
486 56.68
487 56.69
488 56.72
489 56.70
490 56.70
491 56.72
492 56.71
493 56.73
494 56.72
495 56.71
496 56.74
497 56.72
498 56.76
499 56.74
500 56.75
501 56.77
502 56.77
503 56.77
504 56.79
505 56.78
506 56.75
507 56.80
508 56.78
509 56.78
510 56.74
511 56.77
512 56.79
513 56.76
514 56.82
515 56.82
516 56.84
517 56.81
518 56.79
519 56.81
520 56.84
521 56.83
522 56.80
523 56.78
524 56.82
525 56.80
526 56.82
527 56.82
528 56.85
529 56.81
530 56.82
531 56.82
532 56.84
533 56.84
534 56.84
535 56.85
536 56.84
537 56.85
538 56.85
539 56.84
540 56.84
541 56.85
542 56.85
543 56.84
544 56.86
545 56.86
546 56.87
547 56.85
548 56.86
549 56.85
550 56.87
551 56.87
552 56.86
553 56.86
554 56.86
555 56.86
556 56.85
557 56.86
558 56.87
559 56.86
560 56.87
561 56.86
562 56.86
563 56.87
564 56.86
565 56.86
566 56.85
567 56.87
568 56.87
569 56.87
570 56.87
571 56.87
572 56.86
573 56.87
574 56.87
575 56.87
576 56.87
577 56.87
578 56.87
579 56.86
580 56.87
581 56.87
582 56.86
583 56.87
584 56.87
585 56.87
586 56.87
587 56.87
588 56.87
589 56.87
590 56.87
591 56.87
592 56.87
593 56.87
594 56.87
595 56.87
596 56.87
597 56.87
598 56.87
599 56.87
600 56.87
601 56.87
602 56.87
603 56.87
604 56.88
605 56.87
606 56.88
607 56.87
608 56.87
609 56.88
610 56.88
611 56.87
612 56.87
613 56.87
614 56.88
615 56.87
616 56.87
617 56.88
618 56.88
619 56.87
620 56.87
621 56.87
622 56.88
623 56.87
624 56.88
625 56.89
626 56.88
627 56.87
628 56.88
629 56.88
630 56.88
631 56.88
632 56.87
633 56.88
634 56.88
635 56.88
636 56.88
637 56.88
638 56.88
639 56.88
640 56.89
641 56.89
642 56.88
643 56.89
644 56.88
645 56.89
646 56.88
647 56.88
648 56.88
649 56.88
650 56.88
651 56.88
652 56.89
653 56.90
654 56.89
655 56.90
656 56.90
657 56.89
658 56.89
659 56.91
660 56.91
661 56.90
662 56.91
663 56.90
664 56.91
665 56.91
666 56.90
667 56.89
668 56.92
669 56.89
670 56.92
671 56.91
672 56.90
673 56.91
674 56.92
675 56.91
676 56.94
677 56.93
678 56.94
679 56.94
680 56.94
681 56.92
682 56.94
683 56.95
684 56.91
685 56.93
686 56.94
687 56.96
688 56.95
689 56.95
690 56.94
691 56.93
692 56.96
693 56.95
694 56.95
695 56.96
696 56.98
697 56.96
698 56.97
699 56.99
700 56.98
701 57.01
702 56.96
703 56.99
704 57.00
705 57.00
706 56.94
707 56.97
708 56.98
709 56.99
710 56.96
711 57.00
712 57.02
713 56.97
714 57.01
715 56.99
716 57.03
717 57.00
718 57.01
719 57.04
720 57.03
721 57.01
722 57.02
723 57.03
724 57.03
725 57.03
726 57.02
727 57.03
728 57.05
729 57.05
730 57.03
731 57.05
732 57.07
733 57.05
734 57.05
735 57.06
736 57.06
737 57.04
738 57.06
739 57.05
740 57.06
741 57.07
742 57.08
743 57.10
744 57.06
745 57.08
746 57.06
747 57.06
748 57.08
749 57.08
750 57.07
751 57.10
752 57.06
753 57.06
754 57.09
755 57.08
756 57.09
757 57.08
758 57.07
759 57.08
760 57.09
761 57.09
762 57.11
763 57.08
764 57.09
765 57.12
766 57.09
767 57.10
768 57.10
769 57.10
770 57.11
771 57.11
772 57.10
773 57.11
774 57.12
775 57.10
776 57.11
777 57.11
778 57.11
779 57.11
780 57.11
781 57.09
782 57.11
783 57.10
784 57.11
785 57.12
786 57.11
787 57.11
788 57.12
789 57.12
790 57.12
791 57.12
792 57.12
793 57.12
794 57.12
795 57.12
796 57.12
797 57.11
798 57.11
799 57.11
800 57.12
801 57.11
802 57.12
803 57.12
804 57.11
805 57.12
806 57.12
807 57.12
808 57.11
809 57.11
810 57.12
811 57.12
812 57.12
813 57.12
814 57.12
815 57.12
816 57.12
817 57.12
818 57.12
819 57.11
820 57.12
821 57.12
822 57.12
823 57.12
824 57.12
825 57.12
826 57.12
827 57.12
828 57.12
829 57.12
830 57.12
831 57.12
832 57.12
833 57.12
834 57.12
835 57.12
836 57.12
837 57.12
838 57.12
839 57.12
840 57.12
841 57.12
842 57.12
843 57.12
844 57.12
845 57.12
846 57.12
847 57.12
848 57.12
849 57.13
850 57.12
851 57.12
852 57.12
853 57.12
854 57.12
855 57.12
856 57.12
857 57.12
858 57.12
859 57.12
860 57.12
861 57.12
862 57.12
863 57.12
864 57.12
865 57.12
866 57.12
867 57.12
868 57.13
869 57.13
870 57.13
871 57.12
872 57.12
873 57.12
874 57.13
875 57.13
876 57.12
877 57.12
878 57.12
879 57.13
880 57.14
881 57.13
882 57.13
883 57.12
884 57.12
885 57.13
886 57.14
887 57.13
888 57.12
889 57.12
890 57.13
891 57.13
892 57.13
893 57.13
894 57.13
895 57.13
896 57.14
897 57.14
898 57.13
899 57.13
900 57.13
901 57.14
902 57.14
903 57.13
904 57.17
905 57.14
906 57.14
907 57.14
908 57.14
909 57.15
910 57.15
911 57.14
912 57.14
913 57.14
914 57.13
915 57.13
916 57.15
917 57.14
918 57.14
919 57.14
920 57.17
921 57.15
922 57.16
923 57.15
924 57.18
925 57.16
926 57.16
927 57.15
928 57.17
929 57.15
930 57.15
931 57.16
932 57.17
933 57.17
934 57.19
935 57.17
936 57.17
937 57.17
938 57.17
939 57.17
940 57.19
941 57.18
942 57.18
943 57.20
944 57.18
945 57.16
946 57.19
947 57.19
948 57.20
949 57.19
950 57.20
951 57.18
952 57.17
953 57.19
954 57.22
955 57.20
956 57.19
957 57.20
958 57.20
959 57.22
960 57.22
961 57.20
962 57.20
963 57.19
964 57.18
965 57.22
966 57.21
967 57.22
968 57.24
969 57.24
970 57.26
971 57.24
972 57.24
973 57.26
974 57.24
975 57.27
976 57.24
977 57.22
978 57.24
979 57.23
980 57.25
981 57.25
982 57.27
983 57.24
984 57.28
985 57.28
986 57.26
987 57.25
988 57.27
989 57.26
990 57.26
991 57.25
992 57.26
993 57.28
994 57.31
995 57.27
996 57.26
997 57.28
998 57.30
999 57.29
1000 57.31
1001 57.29
1002 57.31
1003 57.31
1004 57.28
1005 57.32
1006 57.30
1007 57.32
1008 57.31
1009 57.31
1010 57.31
1011 57.31
1012 57.29
1013 57.32
1014 57.32
1015 57.32
1016 57.34
1017 57.30
1018 57.31
1019 57.32
1020 57.31
1021 57.34
1022 57.31
1023 57.34
1024 57.34
1025 57.32
1026 57.34
1027 57.34
1028 57.33
1029 57.34
1030 57.33
1031 57.33
1032 57.34
1033 57.31
1034 57.34
1035 57.33
1036 57.33
1037 57.34
1038 57.33
1039 57.34
1040 57.34
1041 57.33
1042 57.34
1043 57.36
1044 57.32
1045 57.34
1046 57.35
1047 57.34
1048 57.34
1049 57.34
1050 57.34
1051 57.35
1052 57.35
1053 57.34
1054 57.36
1055 57.35
1056 57.34
1057 57.36
1058 57.36
1059 57.35
1060 57.35
1061 57.35
1062 57.35
1063 57.36
1064 57.35
1065 57.35
1066 57.36
1067 57.36
1068 57.35
1069 57.36
1070 57.35
1071 57.36
1072 57.34
1073 57.36
1074 57.36
1075 57.34
1076 57.36
1077 57.35
1078 57.34
1079 57.36
1080 57.36
1081 57.36
1082 57.36
1083 57.36
1084 57.36
1085 57.36
1086 57.36
1087 57.36
1088 57.34
1089 57.35
1090 57.35
1091 57.36
1092 57.36
1093 57.36
1094 57.35
1095 57.36
1096 57.36
1097 57.36
1098 57.36
1099 57.36
1100 57.36
1101 57.36
1102 57.36
1103 57.35
1104 57.36
1105 57.36
1106 57.35
1107 57.36
1108 57.36
1109 57.36
1110 57.36
1111 57.36
1112 57.36
1113 57.36
1114 57.36
1115 57.36
1116 57.36
1117 57.36
1118 57.36
1119 57.35
1120 57.36
1121 57.36
1122 57.36
1123 57.36
1124 57.36
1125 57.36
1126 57.37
1127 57.36
1128 57.36
1129 57.36
1130 57.36
1131 57.36
1132 57.36
1133 57.36
1134 57.36
1135 57.36
1136 57.36
1137 57.36
1138 57.36
1139 57.36
1140 57.37
1141 57.36
1142 57.36
1143 57.37
1144 57.37
1145 57.36
1146 57.36
1147 57.36
1148 57.36
1149 57.37
1150 57.36
1151 57.37
1152 57.36
1153 57.36
1154 57.36
1155 57.36
1156 57.37
1157 57.36
1158 57.37
1159 57.36
1160 57.36
1161 57.36
1162 57.36
1163 57.36
1164 57.37
1165 57.36
1166 57.37
1167 57.36
1168 57.37
1169 57.36
1170 57.36
1171 57.37
1172 57.36
1173 57.37
1174 57.37
1175 57.36
1176 57.37
1177 57.36
1178 57.37
1179 57.36
1180 57.36
1181 57.37
1182 57.38
1183 57.37
1184 57.13
1185 57.05
1186 56.87
1187 56.66
1188 56.56
1189 56.38
1190 56.16
1191 56.13
1192 55.80
1193 55.37
1194 54.93
1195 54.44
1196 53.80
1197 53.23
1198 52.63
1199 51.98
1200 51.30
1201 50.61
1202 49.89
1203 49.18
1204 48.50
1205 47.83
1206 47.28
1207 46.67
1208 46.11
1209 45.43
1210 44.91
1211 44.27
1212 43.78
1213 43.31
1214 42.84
1215 42.38
1216 41.91
1217 41.44
1218 40.98
1219 40.52
1220 40.08
1221 39.62
1222 39.31
1223 38.93
1224 38.49
1225 38.22
1226 37.80
1227 37.50
1228 37.12
1229 36.87
1230 36.57
1231 36.28
1232 35.99
1233 35.76
1234 35.53
1235 35.16
1236 34.89
1237 34.66
1238 34.42
1239 34.19
1240 33.97
1241 33.75
1242 33.50
1243 33.22
1244 32.91
1245 32.65
1246 32.42
1247 32.20
1248 31.98
1249 31.77
1250 31.55
1251 31.35
1252 31.21
1253 31.07
1254 30.86
1255 30.65
1256 30.43
1257 30.21
1258 30.03
1259 29.81
1260 29.68
1261 29.44
1262 29.24
1263 29.02
1264 28.84
1265 28.67
1266 28.46
1267 28.24
1268 28.08
1269 27.99
1270 27.80
1271 27.59
1272 27.40
1273 27.22
1274 27.15
1275 26.94
1276 26.82
1277 26.71
1278 26.51
1279 26.41
1280 26.29
1281 26.09
1282 25.98
1283 25.82
1284 25.64
1285 25.51
1286 25.43
1287 25.26
1288 25.19
1289 25.01
1290 24.84
1291 24.77
1292 24.58
1293 24.51
1294 24.35
1295 24.26
1296 24.14
1297 24.06
1298 23.93
1299 23.77
1300 23.71
1301 23.56
1302 23.49
1303 23.33
1304 23.27
1305 23.08
1306 22.97
1307 22.86
1308 22.65
1309 22.61
1310 22.45
1311 22.41
1312 22.24
1313 22.19
1314 22.01
1315 21.92
1316 21.80
1317 21.74
1318 21.59
1319 21.56
1320 21.39
1321 21.36
1322 21.20
1323 21.16
1324 20.97
1325 20.91
1326 20.75
1327 20.67
1328 20.54
1329 20.43
1330 20.33
1331 20.21
1332 20.12
1333 20.01
1334 19.91
1335 19.85
1336 19.72
1337 19.65
1338 19.49
1339 19.47
1340 19.32
1341 19.28
1342 19.26
1343 19.12
1344 19.07
1345 19.02
1346 18.87
1347 18.85
1348 18.70
1349 18.65
1350 18.54
1351 18.45
1352 18.38
1353 18.25
1354 18.24
1355 18.11
1356 18.04
1357 18.01
1358 17.92
1359 17.84
1360 17.82
1361 17.76
1362 17.64
1363 17.61
1364 17.55
1365 17.42
1366 17.41
1367 17.21
1368 17.19
1369 17.13
1370 17.07
1371 17.00
1372 17.00
1373 16.90
1374 16.80
1375 16.79
1376 16.78
1377 16.66
1378 16.59
1379 16.57
1380 16.52
1381 16.39
1382 16.34
1383 16.19
1384 16.15
1385 15.98
1386 15.93
1387 15.79
1388 15.76
1389 15.60
1390 15.56
1391 15.56
1392 15.47
1393 15.36
1394 15.35
1395 15.32
1396 15.24
1397 15.16
1398 15.15
1399 15.12
1400 14.99
1401 14.95
1402 14.94
1403 14.86
1404 14.76
1405 14.74
1406 14.69
1407 14.55
1408 14.54
1409 14.51
1410 14.36
1411 14.33
1412 14.32
1413 14.27
1414 14.13
1415 14.12
1416 13.96
1417 13.93
1418 13.93
1419 13.86
1420 13.73
1421 13.72
1422 13.69
1423 13.56
1424 13.52
1425 13.51
1426 13.39
1427 13.49
1428 13.42
1429 13.35
1430 13.32
