1 16.18
2 16.18
3 16.18
4 16.21
5 16.30
6 16.38
7 16.61
8 18.24
9 20.96
10 24.12
11 27.06
12 30.08
13 32.83
14 35.20
15 37.34
16 38.86
17 40.09
18 41.32
19 42.37
20 43.42
21 44.47
22 45.38
23 46.11
24 46.81
25 47.38
26 47.93
27 48.42
28 48.83
29 49.17
30 49.41
31 49.64
32 49.75
33 50.02
34 50.18
35 50.39
36 50.57
37 50.75
38 50.80
39 50.69
40 50.83
41 50.94
42 51.05
43 51.09
44 51.17
45 51.28
46 51.40
47 51.56
48 51.78
49 52.01
50 52.17
51 52.31
52 52.52
53 52.74
54 52.95
55 53.04
56 53.23
57 53.43
58 53.49
59 53.71
60 53.74
61 53.95
62 53.98
63 54.14
64 54.20
65 54.26
66 54.40
67 54.44
68 54.49
69 54.64
70 54.68
71 54.70
72 54.78
73 54.90
74 54.93
75 54.93
76 54.98
77 55.08
78 55.15
79 55.17
80 55.18
81 55.22
82 55.31
83 55.39
84 55.40
85 55.41
86 55.42
87 55.45
88 55.50
89 55.60
90 55.64
91 55.65
92 55.66
93 55.66
94 55.67
95 55.73
96 55.77
97 55.83
98 55.86
99 55.89
100 55.90
101 55.90
102 55.91
103 55.94
104 56.00
105 56.02
106 56.09
107 56.13
108 56.13
109 56.14
110 56.14
111 56.15
112 56.15
113 56.15
114 56.17
115 56.20
116 56.24
117 56.25
118 56.33
119 56.36
120 56.37
121 56.37
122 56.39
123 56.39
124 56.39
125 56.39
126 56.41
127 56.40
128 56.42
129 56.45
130 56.48
131 56.50
132 56.55
133 56.57
134 56.59
135 56.60
136 56.62
137 56.63
138 56.63
139 56.63
140 56.63
141 56.63
142 56.63
143 56.63
144 56.64
145 56.67
146 56.65
147 56.67
148 56.69
149 56.71
150 56.73
151 56.77
152 56.79
153 56.81
154 56.80
155 56.85
156 56.84
157 56.84
158 56.87
159 56.87
160 56.87
161 56.87
162 56.87
163 56.87
164 56.87
165 56.89
166 56.87
167 56.88
168 56.89
169 56.89
170 56.89
171 56.90
172 56.93
173 56.94
174 56.92
175 56.94
176 56.96
177 57.01
178 57.02
179 57.03
180 57.06
181 57.05
182 57.04
183 57.08
184 57.08
185 57.10
186 57.09
187 57.11
188 57.10
189 57.11
190 57.11
191 57.11
192 57.12
193 57.12
194 57.12
195 57.12
196 57.12
197 57.12
198 57.13
199 57.12
200 57.13
201 57.12
202 57.12
203 57.13
204 57.12
205 57.13
206 57.13
207 57.15
208 57.13
209 57.16
210 57.14
211 57.15
212 57.17
213 57.19
214 57.15
215 57.19
216 57.19
217 57.19
218 57.22
219 57.22
220 57.24
221 57.22
222 57.26
223 57.24
224 57.26
225 57.26
226 57.26
227 57.29
228 57.31
229 57.30
230 57.32
231 57.32
232 57.34
233 57.34
234 57.34
235 57.34
236 57.34
237 57.35
238 57.36
239 57.35
240 57.34
241 57.36
242 57.36
243 57.36
244 57.36
245 57.36
246 57.36
247 57.36
248 57.36
249 57.36
250 57.37
251 57.36
252 57.36
253 57.37
254 57.36
255 57.36
256 57.37
257 57.36
258 57.37
259 57.36
260 57.36
261 57.37
262 57.36
263 57.36
264 57.36
265 57.37
266 57.38
267 57.37
268 57.37
269 57.37
270 57.37
271 57.37
272 57.38
273 57.38
274 57.38
275 57.38
276 57.38
277 57.38
278 57.38
279 57.40
280 57.39
281 57.38
282 57.41
283 57.39
284 57.37
285 57.41
286 57.39
287 57.41
288 57.42
289 57.41
290 57.42
291 57.42
292 57.39
293 57.43
294 57.46
295 57.43
296 57.42
297 57.45
298 57.44
299 57.44
300 57.43
301 57.49
302 57.48
303 57.49
304 57.49
305 57.50
306 57.50
307 57.50
308 57.50
309 57.52
310 57.50
311 57.52
312 57.50
313 57.52
314 57.51
315 57.53
316 57.55
317 57.52
318 57.56
319 57.54
320 57.55
321 57.55
322 57.55
323 57.58
324 57.57
325 57.59
326 57.57
327 57.57
328 57.59
329 57.57
330 57.59
331 57.57
332 57.58
333 57.58
334 57.59
335 57.59
336 57.59
337 57.59
338 57.60
339 57.59
340 57.59
341 57.59
342 57.59
343 57.60
344 57.59
345 57.60
346 57.60
347 57.58
348 57.59
349 57.59
350 57.60
351 57.60
352 57.60
353 57.59
354 57.60
355 57.61
356 57.60
357 57.60
358 57.60
359 57.60
360 57.60
361 57.61
362 57.60
363 57.60
364 57.60
365 57.61
366 57.61
367 57.61
368 57.61
369 57.61
370 57.61
371 57.61
372 57.60
373 57.61
374 57.61
375 57.61
376 57.61
377 57.61
378 57.60
379 57.60
380 57.61
381 57.61
382 57.61
383 57.60
384 57.61
385 57.61
386 57.61
387 57.60
388 57.61
389 57.60
390 57.61
391 57.61
392 57.61
393 57.61
394 57.61
395 57.61
396 57.61
397 57.62
398 57.61
399 57.61
400 57.61
401 57.61
402 57.61
403 57.61
404 57.61
405 57.61
406 57.61
407 57.61
408 57.62
409 57.61
410 57.61
411 57.61
412 57.61
413 57.61
414 57.61
415 57.61
416 57.61
417 57.62
418 57.62
419 57.62
420 57.61
421 57.61
422 57.61
423 57.63
424 57.62
425 57.61
426 57.62
427 57.62
428 57.62
429 57.62
430 57.61
431 57.63
432 57.63
433 57.63
434 57.62
435 57.62
436 57.62
437 57.62
438 57.63
439 57.63
440 57.62
441 57.62
442 57.63
443 57.65
444 57.62
445 57.63
446 57.63
447 57.65
448 57.63
449 57.64
450 57.65
451 57.64
452 57.65
453 57.64
454 57.63
455 57.63
456 57.65
457 57.64
458 57.65
459 57.63
460 57.66
461 57.67
462 57.66
463 57.64
464 57.66
465 57.66
466 57.67
467 57.66
468 57.66
469 57.66
470 57.66
471 57.65
472 57.66
473 57.66
474 57.67
475 57.65
476 57.67
477 57.67
478 57.69
479 57.69
480 57.69
481 57.67
482 57.70
483 57.70
484 57.70
485 57.71
486 57.71
487 57.70
488 57.70
489 57.71
490 57.71
491 57.72
492 57.71
493 57.70
494 57.70
495 57.71
496 57.70
497 57.72
498 57.72
499 57.74
500 57.71
501 57.72
502 57.71
503 57.74
504 57.74
505 57.73
506 57.75
507 57.74
508 57.74
509 57.73
510 57.74
511 57.76
512 57.75
513 57.76
514 57.74
515 57.74
516 57.76
517 57.77
518 57.76
519 57.75
520 57.74
521 57.79
522 57.78
523 57.74
524 57.79
525 57.78
526 57.78
527 57.78
528 57.80
529 57.76
530 57.77
531 57.78
532 57.78
533 57.80
534 57.80
535 57.78
536 57.78
537 57.80
538 57.80
539 57.81
540 57.79
541 57.80
542 57.80
543 57.79
544 57.81
545 57.78
546 57.81
547 57.83
548 57.81
549 57.79
550 57.80
551 57.83
552 57.81
553 57.82
554 57.83
555 57.83
556 57.82
557 57.82
558 57.83
559 57.85
560 57.82
561 57.82
562 57.82
563 57.83
564 57.84
565 57.82
566 57.82
567 57.82
568 57.84
569 57.84
570 57.83
571 57.83
572 57.83
573 57.85
574 57.83
575 57.84
576 57.83
577 57.84
578 57.83
579 57.84
580 57.85
581 57.84
582 57.85
583 57.84
584 57.84
585 57.83
586 57.84
587 57.85
588 57.84
589 57.85
590 57.83
591 57.85
592 57.84
593 57.85
594 57.85
595 57.84
596 57.85
597 57.85
598 57.85
599 57.84
600 57.85
601 57.85
602 57.83
603 57.85
604 57.85
605 57.85
606 57.85
607 57.85
608 57.85
609 57.85
610 57.85
611 57.84
612 57.85
613 57.85
614 57.85
615 57.85
616 57.85
617 57.85
618 57.85
619 57.85
620 57.85
621 57.85
622 57.85
623 57.85
624 57.85
625 57.85
626 57.85
627 57.86
628 57.85
629 57.85
630 57.86
631 57.85
632 57.85
633 57.85
634 57.85
635 57.85
636 57.85
637 57.85
638 57.86
639 57.85
640 57.85
641 57.85
642 57.86
643 57.85
644 57.85
645 57.85
646 57.85
647 57.85
648 57.85
649 57.85
650 57.85
651 57.85
652 57.85
653 57.86
654 57.85
655 57.85
656 57.85
657 57.85
658 57.86
659 57.85
660 57.86
661 57.85
662 57.85
663 57.85
664 57.86
665 57.85
666 57.85
667 57.85
668 57.86
669 57.86
670 57.85
671 57.85
672 57.85
673 57.85
674 57.86
675 57.86
676 57.86
677 57.85
678 57.86
679 57.85
680 57.85
681 57.86
682 57.86
683 57.86
684 57.86
685 57.86
686 57.86
687 57.86
688 57.85
689 57.86
690 57.87
691 57.86
692 57.86
693 57.86
694 57.85
695 57.86
696 57.86
697 57.86
698 57.86
699 57.86
700 57.86
701 57.87
702 57.87
703 57.87
704 57.88
705 57.86
706 57.87
707 57.86
708 57.87
709 57.86
710 57.86
711 57.86
712 57.87
713 57.86
714 57.87
715 57.87
716 57.87
717 57.85
718 57.87
719 57.86
720 57.87
721 57.86
722 57.86
723 57.86
724 57.87
725 57.88
726 57.86
727 57.86
728 57.87
729 57.87
730 57.88
731 57.90
732 57.87
733 57.87
734 57.90
735 57.87
736 57.87
737 57.87
738 57.88
739 57.88
740 57.89
741 57.88
742 57.89
743 57.89
744 57.90
745 57.87
746 57.90
747 57.90
748 57.87
749 57.90
750 57.87
751 57.88
752 57.90
753 57.90
754 57.89
755 57.88
756 57.90
757 57.89
758 57.89
759 57.88
760 57.90
761 57.90
762 57.91
763 57.90
764 57.90
765 57.88
766 57.91
767 57.89
768 57.90
769 57.91
770 57.88
771 57.90
772 57.92
773 57.91
774 57.89
775 57.92
776 57.91
777 57.93
778 57.91
779 57.90
780 57.93
781 57.89
782 57.92
783 57.92
784 57.90
785 57.90
786 57.93
787 57.90
788 57.92
789 57.92
790 57.93
791 57.94
792 57.90
793 57.94
794 57.92
795 57.91
796 57.93
797 57.92
798 57.91
799 57.94
800 57.93
801 57.94
802 57.94
803 57.95
804 57.94
805 57.95
806 57.94
807 57.94
808 57.94
809 57.97
810 57.97
811 57.96
812 57.94
813 57.93
814 57.94
815 57.93
816 57.92
817 57.93
818 57.94
819 57.94
820 57.97
821 57.97
822 57.98
823 57.94
824 57.95
825 57.97
826 57.97
827 57.97
828 57.97
829 57.97
830 58.00
831 57.99
832 57.96
833 57.99
834 57.98
835 57.99
836 57.97
837 57.97
838 57.97
839 57.97
840 57.99
841 58.01
842 58.01
843 58.01
844 58.01
845 58.00
846 57.98
847 58.00
848 58.02
849 57.99
850 57.99
851 57.95
852 58.03
853 58.03
854 58.02
855 58.02
856 58.02
857 57.99
858 58.01
859 58.03
860 58.02
861 58.01
862 58.02
863 58.03
864 58.00
865 58.02
866 58.02
867 58.02
868 58.03
869 58.02
870 58.03
871 58.01
872 58.01
873 58.01
874 58.05
875 58.04
876 58.02
877 58.02
878 58.04
879 58.03
880 58.01
881 58.02
882 58.04
883 58.04
884 58.05
885 58.05
886 58.05
887 58.02
888 58.04
889 58.04
890 58.03
891 58.02
892 58.07
893 58.06
894 58.06
895 58.05
896 58.06
897 58.03
898 58.05
899 58.07
900 58.04
901 58.06
902 58.08
903 58.04
904 58.08
905 58.06
906 58.07
907 58.04
908 58.08
909 58.07
910 58.08
911 58.06
912 58.09
913 58.06
914 58.07
915 58.06
916 58.07
917 58.07
918 58.04
919 58.08
920 58.07
921 58.05
922 58.06
923 58.07
924 58.08
925 58.08
926 58.06
927 58.07
928 58.08
929 58.06
930 58.07
931 58.09
932 58.06
933 58.07
934 58.08
935 58.08
936 58.09
937 58.07
938 58.09
939 58.07
940 58.08
941 58.07
942 58.08
943 58.09
944 58.09
945 58.06
946 58.08
947 58.09
948 58.07
949 58.09
950 58.06
951 58.09
952 58.08
953 58.09
954 58.10
955 58.09
956 58.08
957 58.08
958 58.08
959 58.07
960 58.09
961 58.08
962 58.09
963 58.09
964 58.08
965 58.08
966 58.09
967 58.10
968 58.08
969 58.08
970 58.09
971 58.09
972 58.09
973 58.10
974 58.08
975 58.09
976 58.09
977 58.08
978 58.10
979 58.09
980 58.08
981 58.09
982 58.08
983 58.09
984 58.10
985 58.10
986 58.09
987 58.09
988 58.08
989 58.09
990 58.09
991 58.09
992 58.10
993 58.09
994 58.10
995 58.10
996 58.10
997 58.10
998 58.10
999 58.09
1000 58.10
1001 58.10
1002 58.10
1003 58.09
1004 58.08
1005 58.10
1006 58.10
1007 58.10
1008 58.09
1009 58.10
1010 58.09
1011 58.08
1012 58.10
1013 58.10
1014 58.10
1015 58.10
1016 58.10
1017 58.10
1018 58.10
1019 58.10
1020 58.10
1021 58.10
1022 58.10
1023 58.10
1024 58.10
1025 58.10
1026 58.10
1027 58.10
1028 58.09
1029 58.10
1030 58.10
1031 58.09
1032 58.10
1033 58.10
1034 58.10
1035 58.10
1036 58.10
1037 58.10
1038 58.10
1039 58.09
1040 58.10
1041 58.10
1042 58.10
1043 58.10
1044 58.10
1045 58.10
1046 58.10
1047 58.10
1048 58.10
1049 58.10
1050 58.10
1051 58.10
1052 58.10
1053 58.10
1054 58.10
1055 58.10
1056 58.10
1057 58.10
1058 58.10
1059 58.10
1060 58.10
1061 58.10
1062 58.10
1063 58.10
1064 58.10
1065 58.10
1066 58.10
1067 58.10
1068 58.10
1069 58.10
1070 58.10
1071 58.10
1072 58.10
1073 58.10
1074 58.10
1075 58.10
1076 58.10
1077 58.10
1078 58.10
1079 58.10
1080 58.10
1081 58.10
1082 58.10
1083 58.10
1084 58.10
1085 58.10
1086 58.10
1087 58.10
1088 58.10
1089 58.10
1090 58.10
1091 58.10
1092 58.10
1093 58.10
1094 58.10
1095 58.10
1096 58.10
1097 58.10
1098 58.10
1099 58.10
1100 58.10
1101 58.10
1102 58.10
1103 58.10
1104 58.10
1105 58.10
1106 58.10
1107 58.10
1108 58.10
1109 58.10
1110 58.10
1111 58.10
1112 58.10
1113 58.10
1114 58.10
1115 58.11
1116 58.10
1117 58.10
1118 58.10
1119 58.10
1120 58.10
1121 58.10
1122 58.10
1123 58.10
1124 58.10
1125 58.10
1126 58.10
1127 58.10
1128 58.10
1129 58.10
1130 58.10
1131 58.10
1132 58.10
1133 58.10
1134 58.10
1135 58.10
1136 58.10
1137 58.10
1138 58.10
1139 58.10
1140 58.10
1141 58.11
1142 58.10
1143 58.10
1144 58.10
1145 58.10
1146 58.10
1147 58.10
1148 58.10
1149 58.10
1150 58.10
1151 58.10
1152 58.10
1153 58.10
1154 58.10
1155 58.10
1156 58.10
1157 58.10
1158 58.10
1159 58.10
1160 58.10
1161 58.10
1162 58.11
1163 58.10
1164 58.10
1165 58.10
1166 58.10
1167 58.11
1168 58.10
1169 58.10
1170 58.10
1171 58.10
1172 58.10
1173 58.10
1174 58.11
1175 58.10
1176 58.10
1177 58.10
1178 58.10
1179 58.11
1180 58.11
1181 58.10
1182 58.11
1183 58.10
1184 58.10
1185 58.10
1186 58.10
1187 58.10
1188 58.11
1189 58.10
1190 58.10
1191 58.10
1192 58.10
1193 58.10
1194 58.11
1195 58.12
1196 58.11
1197 58.11
1198 58.10
1199 58.10
1200 58.10
1201 58.10
1202 58.11
1203 58.10
1204 58.11
1205 58.10
1206 58.10
1207 58.11
1208 58.10
1209 58.11
1210 58.10
1211 58.11
1212 58.11
1213 58.10
1214 58.11
1215 58.10
1216 58.10
1217 58.10
1218 58.10
1219 58.11
1220 58.11
1221 58.11
1222 58.11
1223 58.11
1224 58.11
1225 58.11
1226 58.11
1227 58.11
1228 58.10
1229 58.11
1230 58.10
1231 58.12
1232 58.12
1233 58.11
1234 58.12
1235 58.11
1236 58.12
1237 58.11
1238 58.10
1239 58.11
1240 58.13
1241 58.10
1242 58.11
1243 58.11
1244 58.10
1245 58.11
1246 58.11
1247 58.11
1248 58.12
1249 58.12
1250 58.11
1251 58.11
1252 58.11
1253 58.13
1254 58.11
1255 58.12
1256 58.11
1257 58.12
1258 58.11
1259 58.13
1260 58.11
1261 58.11
1262 58.13
1263 58.13
1264 58.11
1265 58.12
1266 58.12
1267 58.12
1268 58.11
1269 58.11
1270 58.11
1271 58.12
1272 58.12
1273 58.13
1274 58.12
1275 58.13
1276 58.10
1277 58.11
1278 58.13
1279 58.13
1280 58.13
1281 58.10
1282 58.13
1283 58.12
1284 58.13
1285 58.14
1286 58.14
1287 58.13
1288 58.13
1289 58.12
1290 58.13
1291 58.13
1292 58.13
1293 58.13
1294 58.13
1295 58.13
1296 58.14
1297 58.12
1298 58.12
1299 58.11
1300 58.11
1301 58.13
1302 58.12
1303 58.14
1304 58.12
1305 58.13
1306 58.13
1307 58.13
1308 58.13
1309 58.15
1310 58.16
1311 58.14
1312 58.13
1313 58.13
1314 58.13
1315 58.12
1316 58.13
1317 58.13
1318 58.12
1319 58.13
1320 58.14
1321 58.13
1322 58.11
1323 58.14
1324 58.14
1325 58.13
1326 58.13
1327 58.12
1328 58.15
1329 58.13
1330 58.12
1331 58.13
1332 58.12
1333 58.13
1334 58.14
1335 58.13
1336 58.12
1337 58.13
1338 58.14
1339 58.14
1340 58.15
1341 58.14
1342 58.13
1343 58.13
1344 58.13
1345 58.15
1346 58.14
1347 58.13
1348 58.14
1349 58.13
1350 58.14
1351 58.13
1352 58.15
1353 58.13
1354 58.14
1355 58.15
1356 58.13
1357 58.15
1358 58.15
1359 58.17
1360 58.15
1361 58.18
1362 58.17
1363 58.17
1364 58.15
1365 58.14
1366 58.18
1367 58.13
1368 58.13
1369 58.14
1370 58.14
1371 58.15
1372 58.17
1373 58.17
1374 58.17
1375 58.15
1376 58.13
1377 58.18
1378 58.15
1379 58.15
1380 58.18
1381 58.15
1382 58.15
1383 58.15
1384 58.16
1385 58.16
1386 58.17
1387 58.17
1388 58.17
1389 58.18
1390 58.22
1391 58.22
1392 58.16
1393 58.18
1394 58.18
1395 58.17
1396 58.18
1397 58.17
1398 58.19
1399 58.17
1400 58.17
1401 58.17
1402 58.19
1403 58.17
1404 58.18
1405 58.17
1406 58.18
1407 58.16
1408 58.17
1409 58.18
1410 58.18
1411 58.17
1412 58.20
1413 58.18
1414 58.15
1415 58.16
1416 58.17
1417 58.21
1418 58.18
1419 58.17
1420 58.20
1421 58.18
1422 58.18
1423 58.18
1424 58.18
1425 58.20
1426 58.18
1427 58.16
1428 58.18
1429 58.17
1430 58.17
1431 58.18
1432 58.16
1433 58.18
1434 58.18
1435 58.17
1436 58.17
1437 58.20
1438 58.18
1439 58.18
1440 58.17
1441 58.19
1442 58.18
1443 58.19
1444 58.19
1445 58.20
1446 58.18
1447 58.18
1448 58.18
1449 58.18
1450 58.18
1451 58.22
1452 58.20
1453 58.20
1454 58.21
1455 58.18
1456 58.23
1457 58.18
1458 58.19
1459 58.21
1460 58.16
1461 58.20
1462 58.21
1463 58.20
1464 58.20
1465 58.20
1466 58.21
1467 58.22
1468 58.19
1469 58.21
1470 58.19
1471 58.21
1472 58.24
1473 58.20
1474 58.23
1475 58.22
1476 58.20
1477 58.23
1478 58.22
1479 58.23
1480 58.21
1481 58.23
1482 58.20
1483 58.18
1484 58.22
1485 58.22
1486 58.21
1487 58.22
1488 58.22
1489 58.22
1490 58.23
1491 58.24
1492 58.24
1493 58.23
1494 58.21
1495 58.22
1496 58.24
1497 58.22
1498 58.24
1499 58.23
1500 58.22
1501 58.21
1502 58.23
1503 58.22
1504 58.24
1505 58.21
1506 58.21
1507 58.21
1508 58.18
1509 58.22
1510 58.22
1511 58.21
1512 58.21
1513 58.25
1514 58.23
1515 58.22
1516 58.21
1517 58.23
1518 58.22
1519 58.23
1520 58.21
1521 58.22
1522 58.22
1523 58.21
1524 58.24
1525 58.22
1526 58.23
1527 58.24
1528 58.22
1529 58.24
1530 58.22
1531 58.24
1532 58.23
1533 58.26
1534 58.24
1535 58.22
1536 58.23
1537 58.21
1538 58.22
1539 58.20
1540 58.26
1541 58.23
1542 58.24
1543 58.24
1544 58.23
1545 58.24
1546 58.25
1547 58.25
1548 58.25
1549 58.25
1550 58.25
1551 58.26
1552 58.24
1553 58.26
1554 58.25
1555 58.24
1556 58.24
1557 58.27
1558 58.25
1559 58.26
1560 58.23
1561 58.23
1562 58.27
1563 58.26
1564 58.26
1565 58.22
1566 58.24
1567 58.24
1568 58.26
1569 58.24
1570 58.25
1571 58.27
1572 58.25
1573 58.24
1574 58.23
1575 58.24
1576 58.27
1577 58.24
1578 58.25
1579 58.25
1580 58.25
1581 58.28
1582 58.29
1583 58.25
1584 58.24
1585 58.24
1586 58.26
1587 58.26
1588 58.28
1589 58.24
1590 58.27
1591 58.26
1592 58.27
1593 58.25
1594 58.24
1595 58.25
1596 58.28
1597 58.28
1598 58.27
1599 58.27
1600 58.27
1601 58.28
1602 58.26
1603 58.27
1604 58.29
1605 58.29
1606 58.24
1607 58.29
1608 58.29
1609 58.27
1610 58.27
1611 58.26
1612 58.29
1613 58.27
1614 58.30
1615 58.26
1616 58.29
1617 58.29
1618 58.27
1619 58.29
1620 58.31
1621 58.29
1622 58.29
1623 58.27
1624 58.26
1625 58.29
1626 58.27
1627 58.28
1628 58.28
1629 58.27
1630 58.27
1631 58.27
1632 58.30
1633 58.31
1634 58.29
1635 58.29
1636 58.29
1637 58.30
1638 58.30
1639 58.25
1640 58.29
1641 58.31
1642 58.30
1643 58.30
1644 58.29
1645 58.30
1646 58.28
1647 58.29
1648 58.30
1649 58.30
1650 58.31
1651 58.32
1652 58.30
1653 58.28
1654 58.28
1655 58.27
1656 58.31
1657 58.27
1658 58.27
1659 58.31
1660 58.30
1661 58.27
1662 58.29
1663 58.25
1664 58.10
1665 57.97
1666 57.83
1667 57.61
1668 57.38
1669 57.36
1670 57.12
1671 57.03
1672 56.93
1673 56.87
1674 56.79
1675 56.65
1676 56.62
1677 56.49
1678 56.43
1679 56.39
1680 56.31
1681 56.14
1682 56.09
1683 55.93
1684 55.88
1685 55.71
1686 55.64
1687 55.61
1688 55.54
1689 55.42
1690 55.19
1691 54.87
1692 54.44
1693 54.02
1694 53.60
1695 53.04
1696 52.51
1697 51.79
1698 51.12
1699 50.19
1700 49.41
1701 48.68
1702 47.94
1703 47.21
1704 46.56
1705 45.89
1706 45.17
1707 44.51
1708 43.85
1709 43.21
1710 42.62
1711 42.15
1712 41.71
1713 41.28
1714 40.97
1715 40.58
1716 40.32
1717 40.07
1718 39.69
1719 39.39
1720 39.05
1721 38.69
1722 38.27
1723 37.83
1724 37.58
1725 37.23
1726 36.90
1727 36.67
1728 36.29
1729 36.00
1730 35.76
1731 35.38
1732 35.08
1733 34.71
1734 34.39
1735 34.11
1736 33.79
1737 33.55
1738 33.30
1739 33.07
1740 32.84
1741 32.53
1742 32.29
1743 32.02
1744 31.83
1745 31.59
1746 31.41
1747 31.19
1748 31.00
1749 30.72
1750 30.46
1751 30.21
1752 29.99
1753 29.77
1754 29.55
1755 29.33
1756 29.13
1757 28.94
1758 28.74
1759 28.58
1760 28.32
1761 28.12
1762 27.96
1763 27.79
1764 27.56
1765 27.37
1766 27.15
1767 26.94
1768 26.72
1769 26.51
1770 26.31
1771 26.15
1772 26.04
1773 25.86
1774 25.65
1775 25.52
1776 25.41
1777 25.21
1778 25.04
1779 24.91
1780 24.77
1781 24.57
1782 24.36
1783 24.19
1784 24.13
1785 23.93
1786 23.82
1787 23.71
1788 23.52
1789 23.45
1790 23.29
1791 23.23
1792 23.08
1793 22.95
1794 22.86
1795 22.68
1796 22.62
1797 22.45
1798 22.36
1799 22.23
1800 22.06
1801 22.01
1802 21.82
1803 21.75
1804 21.59
1805 21.49
1806 21.37
1807 21.19
1808 21.12
1809 20.96
1810 20.84
1811 20.75
1812 20.67
1813 20.54
1814 20.46
1815 20.33
1816 20.27
1817 20.12
1818 20.11
1819 19.95
1820 19.91
1821 19.83
1822 19.71
1823 19.67
1824 19.52
1825 19.34
1826 19.09
1827 18.95
1828 18.84
1829 18.65
1830 18.45
1831 18.24
1832 18.05
1833 17.87
1834 17.79
1835 17.61
1836 17.41
1837 17.21
1838 17.00
1839 16.85
1840 16.79
1841 16.79
1842 16.78
1843 16.75
1844 16.78
1845 16.78
1846 16.79
1847 16.79
1848 16.81
1849 16.83
1850 16.85
1851 16.89
1852 16.94
1853 16.83
1854 16.85
1855 16.84
1856 16.81
1857 16.79
1858 16.79
1859 16.75
1860 16.77
1861 16.73
1862 16.60
1863 16.58
1864 16.49
1865 16.40
1866 16.38
1867 16.34
1868 16.23
1869 16.18
1870 16.16
1871 16.02
1872 15.97
1873 15.97
1874 15.95
1875 15.90
1876 15.81
1877 15.76
1878 15.74
1879 15.64
1880 15.56
1881 15.55
1882 15.55
1883 15.46
1884 15.36
1885 15.35
1886 15.31
1887 15.22
1888 15.17
1889 15.15
1890 15.13
1891 15.02
1892 14.96
1893 14.94
1894 14.78
1895 14.74
1896 14.74
1897 14.59
1898 14.54
1899 14.52
1900 14.43
1901 14.35
1902 14.33
1903 14.32
1904 14.21
1905 14.13
1906 14.13
1907 14.07
1908 13.97
1909 13.93
1910 13.91
1911 13.79
1912 13.73
1913 13.71
1914 13.69
1915 13.62
1916 13.54
1917 13.52
1918 13.49
1919 13.42
1920 13.34
1921 13.32
1922 13.32
1923 13.31
1924 13.30
1925 13.26
1926 13.23
1927 13.14
1928 13.13
1929 13.11
1930 13.08
1931 13.01
1932 12.93
1933 12.92
1934 12.91
1935 12.89
1936 12.82
1937 12.74
1938 12.71
1939 12.70
1940 12.68
1941 12.58
1942 12.53
1943 12.52
1944 12.50
1945 12.44
1946 12.32
1947 12.31
1948 12.20
1949 12.11
1950 12.10
1951 11.94
1952 11.91
1953 11.90
1954 11.81
1955 11.78
1956 11.72
1957 11.72
1958 11.71
1959 11.70
1960 11.68
1961 11.57
1962 11.52
1963 11.50
1964 11.48
1965 11.43
1966 11.35
1967 11.32
1968 11.31
1969 11.30
1970 11.30
1971 11.29
1972 11.24
1973 11.12
1974 11.10
1975 11.10
1976 11.10
1977 11.10
1978 11.09
1979 11.06
1980 11.01
