1 15.21
2 15.37
3 15.56
4 15.70
5 15.78
6 15.91
7 15.97
8 15.97
9 15.97
10 15.97
11 16.09
12 16.40
13 17.41
14 18.45
15 20.01
16 22.00
17 23.92
18 25.59
19 27.18
20 28.90
21 30.41
22 31.53
23 32.64
24 33.63
25 34.62
26 35.34
27 36.22
28 37.28
29 38.44
30 39.40
31 40.33
32 41.23
33 41.92
34 42.38
35 42.85
36 43.19
37 43.52
38 43.77
39 43.99
40 44.23
41 44.39
42 44.56
43 44.71
44 44.94
45 45.09
46 45.19
47 45.39
48 45.52
49 45.64
50 45.84
51 45.90
52 46.10
53 46.21
54 46.34
55 46.49
56 46.58
57 46.75
58 46.82
59 46.98
60 47.05
61 47.28
62 47.30
63 47.50
64 47.54
65 47.75
66 47.77
67 47.97
68 48.02
69 48.22
70 48.25
71 48.43
72 48.49
73 48.68
74 48.71
75 48.87
76 48.94
77 49.07
78 49.18
79 49.27
80 49.40
81 49.43
82 49.64
83 49.66
84 49.84
85 49.89
86 49.96
87 50.12
88 50.15
89 50.31
90 50.37
91 50.42
92 50.59
93 50.61
94 50.76
95 50.83
96 50.85
97 51.01
98 51.07
99 51.10
100 51.26
101 51.32
102 51.38
103 51.49
104 51.55
105 51.56
106 51.71
107 51.78
108 51.80
109 51.88
110 52.02
111 52.03
112 52.07
113 52.20
114 52.26
115 52.28
116 52.34
117 52.49
118 52.51
119 52.52
120 52.60
121 52.72
122 52.75
123 52.76
124 52.82
125 52.92
126 52.99
127 52.99
128 53.02
129 53.13
130 53.21
131 53.23
132 53.24
133 53.29
134 53.39
135 53.47
136 53.48
137 53.48
138 53.52
139 53.60
140 53.67
141 53.71
142 53.72
143 53.72
144 53.80
145 53.89
146 53.94
147 53.96
148 53.96
149 53.97
150 54.04
151 54.14
152 54.17
153 54.20
154 54.20
155 54.20
156 54.22
157 54.27
158 54.35
159 54.42
160 54.43
161 54.44
162 54.44
163 54.45
164 54.47
165 54.53
166 54.62
167 54.65
168 54.68
169 54.68
170 54.68
171 54.69
172 54.72
173 54.80
174 54.81
175 54.89
176 54.92
177 54.92
178 54.93
179 54.93
180 54.94
181 54.95
182 55.02
183 55.04
184 55.13
185 55.14
186 55.16
187 55.17
188 55.17
189 55.17
190 55.19
191 55.19
192 55.25
193 55.27
194 55.34
195 55.36
196 55.39
197 55.41
198 55.41
199 55.41
200 55.42
201 55.41
202 55.42
203 55.44
204 55.47
205 55.52
206 55.54
207 55.56
208 55.62
209 55.64
210 55.65
211 55.66
212 55.65
213 55.66
214 55.66
215 55.66
216 55.67
217 55.70
218 55.74
219 55.73
220 55.79
221 55.85
222 55.85
223 55.87
224 55.88
225 55.90
226 55.90
227 55.90
228 55.90
229 55.90
230 55.91
231 55.91
232 55.91
233 55.93
234 55.95
235 55.97
236 55.98
237 56.05
238 56.08
239 56.07
240 56.10
241 56.12
242 56.14
243 56.13
244 56.14
245 56.14
246 56.14
247 56.14
248 56.14
249 56.14
250 56.15
251 56.15
252 56.19
253 56.19
254 56.19
255 56.21
256 56.24
257 56.24
258 56.29
259 56.32
260 56.31
261 56.30
262 56.35
263 56.36
264 56.37
265 56.38
266 56.39
267 56.38
268 56.39
269 56.39
270 56.39
271 56.39
272 56.39
273 56.39
274 56.39
275 56.39
276 56.41
277 56.42
278 56.40
279 56.43
280 56.45
281 56.45
282 56.48
283 56.50
284 56.51
285 56.50
286 56.56
287 56.58
288 56.58
289 56.60
290 56.61
291 56.61
292 56.62
293 56.62
294 56.62
295 56.63
296 56.62
297 56.63
298 56.63
299 56.63
300 56.63
301 56.63
302 56.63
303 56.63
304 56.63
305 56.63
306 56.63
307 56.65
308 56.64
309 56.65
310 56.66
311 56.66
312 56.67
313 56.68
314 56.65
315 56.70
316 56.70
317 56.70
318 56.72
319 56.76
320 56.72
321 56.78
322 56.76
323 56.80
324 56.80
325 56.81
326 56.82
327 56.85
328 56.83
329 56.85
330 56.86
331 56.85
332 56.86
333 56.85
334 56.86
335 56.87
336 56.87
337 56.87
338 56.87
339 56.87
340 56.87
341 56.87
342 56.87
343 56.87
344 56.87
345 56.87
346 56.88
347 56.87
348 56.87
349 56.87
350 56.87
351 56.88
352 56.88
353 56.88
354 56.89
355 56.88
356 56.88
357 56.89
358 56.89
359 56.91
360 56.91
361 56.91
362 56.93
363 56.93
364 56.93
365 56.93
366 56.92
367 56.96
368 56.92
369 56.96
370 56.97
371 56.99
372 57.00
373 56.95
374 57.02
375 57.02
376 57.05
377 57.04
378 57.05
379 57.05
380 57.03
381 57.06
382 57.05
383 57.05
384 57.07
385 57.09
386 57.07
387 57.10
388 57.08
389 57.09
390 57.08
391 57.10
392 57.11
393 57.10
394 57.10
395 57.11
396 57.12
397 57.11
398 57.10
399 57.11
400 57.12
401 57.12
402 57.12
403 57.11
404 57.12
405 57.12
406 57.12
407 57.12
408 57.12
409 57.12
410 57.12
411 57.12
412 57.12
413 57.12
414 57.12
415 57.12
416 57.12
417 57.12
418 57.12
419 57.12
420 57.12
421 57.12
422 57.13
423 57.12
424 57.12
425 57.12
426 57.12
427 57.13
428 57.12
429 57.12
430 57.13
431 57.14
432 57.13
433 57.12
434 57.14
435 57.13
436 57.13
437 57.13
438 57.12
439 57.13
440 57.13
441 57.15
442 57.14
443 57.14
444 57.14
445 57.14
446 57.16
447 57.14
448 57.14
449 57.17
450 57.17
451 57.19
452 57.17
453 57.19
454 57.16
455 57.20
456 57.19
457 57.21
458 57.20
459 57.20
460 57.20
461 57.18
462 57.20
463 57.21
464 57.23
465 57.23
466 57.22
467 57.24
468 57.26
469 57.22
470 57.23
471 57.25
472 57.23
473 57.26
474 57.22
475 57.30
476 57.27
477 57.26
478 57.29
479 57.26
480 57.29
481 57.31
482 57.31
483 57.31
484 57.31
485 57.33
486 57.31
487 57.32
488 57.32
489 57.34
490 57.33
491 57.33
492 57.35
493 57.34
494 57.32
495 57.33
496 57.34
497 57.33
498 57.34
499 57.32
500 57.33
501 57.34
502 57.35
503 57.35
504 57.35
505 57.36
506 57.35
507 57.34
508 57.34
509 57.35
510 57.36
511 57.36
512 57.34
513 57.35
514 57.35
515 57.36
516 57.35
517 57.35
518 57.36
519 57.36
520 57.35
521 57.36
522 57.36
523 57.36
524 57.36
525 57.36
526 57.36
527 57.36
528 57.36
529 57.36
530 57.36
531 57.36
532 57.36
533 57.36
534 57.36
535 57.36
536 57.36
537 57.36
538 57.36
539 57.36
540 57.36
541 57.36
542 57.36
543 57.36
544 57.36
545 57.37
546 57.37
547 57.36
548 57.36
549 57.36
550 57.36
551 57.36
552 57.36
553 57.36
554 57.36
555 57.36
556 57.37
557 57.36
558 57.36
559 57.36
560 57.36
561 57.36
562 57.36
563 57.36
564 57.37
565 57.37
566 57.37
567 57.36
568 57.36
569 57.38
570 57.37
571 57.37
572 57.37
573 57.37
574 57.37
575 57.37
576 57.38
577 57.39
578 57.37
579 57.38
580 57.37
581 57.37
582 57.37
583 57.38
584 57.38
585 57.37
586 57.38
587 57.38
588 57.38
589 57.38
590 57.38
591 57.38
592 57.36
593 57.38
594 57.37
595 57.39
596 57.38
597 57.38
598 57.38
599 57.38
600 57.39
601 57.38
602 57.38
603 57.39
604 57.39
605 57.39
606 57.37
607 57.38
608 57.41
609 57.41
610 57.38
611 57.38
612 57.40
613 57.43
614 57.41
615 57.41
616 57.42
617 57.39
618 57.39
619 57.40
620 57.41
621 57.43
622 57.40
623 57.43
624 57.39
625 57.40
626 57.43
627 57.41
628 57.45
629 57.40
630 57.42
631 57.42
632 57.39
633 57.42
634 57.45
635 57.43
636 57.41
637 57.43
638 57.44
639 57.50
640 57.47
641 57.45
642 57.45
643 57.45
644 57.48
645 57.46
646 57.47
647 57.45
648 57.49
649 57.46
650 57.46
651 57.47
652 57.47
653 57.48
654 57.47
655 57.48
656 57.46
657 57.46
658 57.47
659 57.47
660 57.47
661 57.50
662 57.48
663 57.49
664 57.47
665 57.47
666 57.50
667 57.51
668 57.53
669 57.53
670 57.50
671 57.48
672 57.52
673 57.48
674 57.50
675 57.51
676 57.54
677 57.55
678 57.52
679 57.53
680 57.51
681 57.53
682 57.52
683 57.53
684 57.52
685 57.53
686 57.56
687 57.54
688 57.56
689 57.56
690 57.51
691 57.58
692 57.57
693 57.54
694 57.57
695 57.56
696 57.53
697 57.55
698 57.55
699 57.55
700 57.57
701 57.56
702 57.55
703 57.56
704 57.60
705 57.56
706 57.57
707 57.57
708 57.57
709 57.59
710 57.59
711 57.57
712 57.59
713 57.58
714 57.59
715 57.58
716 57.57
717 57.59
718 57.59
719 57.58
720 57.60
721 57.59
722 57.58
723 57.59
724 57.59
725 57.60
726 57.59
727 57.60
728 57.59
729 57.59
730 57.57
731 57.60
732 57.57
733 57.59
734 57.59
735 57.59
736 57.59
737 57.60
738 57.58
739 57.60
740 57.60
741 57.60
742 57.60
743 57.60
744 57.60
745 57.60
746 57.60
747 57.60
748 57.60
749 57.60
750 57.60
751 57.60
752 57.60
753 57.60
754 57.59
755 57.60
756 57.61
757 57.60
758 57.60
759 57.60
760 57.60
761 57.61
762 57.60
763 57.61
764 57.60
765 57.60
766 57.61
767 57.61
768 57.61
769 57.60
770 57.60
771 57.61
772 57.60
773 57.60
774 57.60
775 57.61
776 57.60
777 57.61
778 57.60
779 57.60
780 57.61
781 57.61
782 57.61
783 57.60
784 57.60
785 57.60
786 57.61
787 57.61
788 57.60
789 57.60
790 57.61
791 57.61
792 57.60
793 57.60
794 57.60
795 57.61
796 57.61
797 57.60
798 57.60
799 57.61
800 57.61
801 57.61
802 57.61
803 57.61
804 57.61
805 57.61
806 57.60
807 57.61
808 57.61
809 57.61
810 57.61
811 57.61
812 57.61
813 57.60
814 57.61
815 57.61
816 57.61
817 57.61
818 57.61
819 57.61
820 57.61
821 57.61
822 57.61
823 57.61
824 57.61
825 57.61
826 57.61
827 57.61
828 57.61
829 57.60
830 57.61
831 57.61
832 57.61
833 57.61
834 57.60
835 57.61
836 57.61
837 57.61
838 57.61
839 57.61
840 57.61
841 57.61
842 57.61
843 57.61
844 57.61
845 57.61
846 57.61
847 57.61
848 57.61
849 57.61
850 57.61
851 57.61
852 57.61
853 57.61
854 57.61
855 57.61
856 57.62
857 57.61
858 57.62
859 57.61
860 57.62
861 57.61
862 57.62
863 57.61
864 57.62
865 57.62
866 57.61
867 57.62
868 57.61
869 57.61
870 57.62
871 57.62
872 57.61
873 57.62
874 57.61
875 57.61
876 57.62
877 57.61
878 57.61
879 57.62
880 57.61
881 57.61
882 57.62
883 57.62
884 57.62
885 57.61
886 57.61
887 57.61
888 57.61
889 57.62
890 57.62
891 57.62
892 57.62
893 57.62
894 57.62
895 57.63
896 57.62
897 57.63
898 57.61
899 57.62
900 57.64
901 57.62
902 57.62
903 57.63
904 57.62
905 57.63
906 57.62
907 57.62
908 57.62
909 57.63
910 57.62
911 57.62
912 57.65
913 57.64
914 57.64
915 57.63
916 57.62
917 57.63
918 57.64
919 57.63
920 57.63
921 57.62
922 57.64
923 57.64
924 57.64
925 57.64
926 57.63
927 57.64
928 57.63
929 57.63
930 57.66
931 57.63
932 57.64
933 57.64
934 57.66
935 57.66
936 57.63
937 57.63
938 57.65
939 57.66
940 57.64
941 57.65
942 57.65
943 57.65
944 57.66
945 57.67
946 57.66
947 57.65
948 57.66
949 57.66
950 57.66
951 57.65
952 57.64
953 57.66
954 57.66
955 57.65
956 57.67
957 57.66
958 57.66
959 57.64
960 57.66
961 57.67
962 57.66
963 57.69
964 57.67
965 57.67
966 57.64
967 57.66
968 57.68
969 57.66
970 57.66
971 57.66
972 57.69
973 57.67
974 57.66
975 57.69
976 57.68
977 57.73
978 57.67
979 57.69
980 57.68
981 57.67
982 57.69
983 57.69
984 57.68
985 57.66
986 57.73
987 57.69
988 57.70
989 57.70
990 57.71
991 57.68
992 57.67
993 57.69
994 57.67
995 57.69
996 57.69
997 57.71
998 57.73
999 57.68
1000 57.72
1001 57.70
1002 57.69
1003 57.70
1004 57.70
1005 57.75
1006 57.70
1007 57.71
1008 57.70
1009 57.73
1010 57.72
1011 57.73
1012 57.69
1013 57.70
1014 57.74
1015 57.73
1016 57.72
1017 57.73
1018 57.71
1019 57.71
1020 57.76
1021 57.74
1022 57.77
1023 57.73
1024 57.74
1025 57.73
1026 57.74
1027 57.76
1028 57.73
1029 57.73
1030 57.74
1031 57.70
1032 57.74
1033 57.73
1034 57.74
1035 57.75
1036 57.74
1037 57.74
1038 57.73
1039 57.74
1040 57.71
1041 57.75
1042 57.77
1043 57.75
1044 57.76
1045 57.74
1046 57.74
1047 57.76
1048 57.78
1049 57.78
1050 57.78
1051 57.74
1052 57.76
1053 57.78
1054 57.76
1055 57.78
1056 57.80
1057 57.78
1058 57.77
1059 57.78
1060 57.78
1061 57.76
1062 57.78
1063 57.78
1064 57.78
1065 57.76
1066 57.77
1067 57.78
1068 57.80
1069 57.76
1070 57.79
1071 57.81
1072 57.80
1073 57.79
1074 57.80
1075 57.76
1076 57.78
1077 57.76
1078 57.80
1079 57.78
1080 57.78
1081 57.78
1082 57.79
1083 57.80
1084 57.80
1085 57.81
1086 57.80
1087 57.82
1088 57.79
1089 57.81
1090 57.81
1091 57.81
1092 57.78
1093 57.80
1094 57.79
1095 57.79
1096 57.81
1097 57.81
1098 57.79
1099 57.80
1100 57.81
1101 57.80
1102 57.80
1103 57.81
1104 57.83
1105 57.81
1106 57.81
1107 57.80
1108 57.83
1109 57.79
1110 57.81
1111 57.81
1112 57.82
1113 57.83
1114 57.83
1115 57.82
1116 57.83
1117 57.83
1118 57.82
1119 57.83
1120 57.83
1121 57.84
1122 57.83
1123 57.84
1124 57.84
1125 57.82
1126 57.82
1127 57.81
1128 57.84
1129 57.82
1130 57.83
1131 57.83
1132 57.83
1133 57.83
1134 57.84
1135 57.83
1136 57.84
1137 57.83
1138 57.85
1139 57.82
1140 57.83
1141 57.84
1142 57.83
1143 57.83
1144 57.84
1145 57.83
1146 57.84
1147 57.84
1148 57.85
1149 57.84
1150 57.85
1151 57.84
1152 57.85
1153 57.83
1154 57.85
1155 57.84
1156 57.83
1157 57.84
1158 57.83
1159 57.83
1160 57.85
1161 57.85
1162 57.84
1163 57.85
1164 57.84
1165 57.84
1166 57.83
1167 57.85
1168 57.85
1169 57.85
1170 57.84
1171 57.84
1172 57.84
1173 57.83
1174 57.85
1175 57.85
1176 57.85
1177 57.85
1178 57.84
1179 57.85
1180 57.83
1181 57.85
1182 57.85
1183 57.85
1184 57.83
1185 57.85
1186 57.85
1187 57.84
1188 57.85
1189 57.85
1190 57.85
1191 57.84
1192 57.85
1193 57.85
1194 57.85
1195 57.85
1196 57.85
1197 57.85
1198 57.85
1199 57.85
1200 57.84
1201 57.85
1202 57.85
1203 57.85
1204 57.85
1205 57.85
1206 57.84
1207 57.85
1208 57.85
1209 57.85
1210 57.85
1211 57.85
1212 57.84
1213 57.85
1214 57.85
1215 57.85
1216 57.84
1217 57.85
1218 57.85
1219 57.85
1220 57.85
1221 57.85
1222 57.85
1223 57.85
1224 57.85
1225 57.85
1226 57.85
1227 57.85
1228 57.85
1229 57.85
1230 57.85
1231 57.85
1232 57.85
1233 57.85
1234 57.85
1235 57.85
1236 57.85
1237 57.85
1238 57.86
1239 57.85
1240 57.85
1241 57.85
1242 57.86
1243 57.85
1244 57.85
1245 57.85
1246 57.85
1247 57.85
1248 57.85
1249 57.85
1250 57.85
1251 57.85
1252 57.85
1253 57.85
1254 57.85
1255 57.85
1256 57.86
1257 57.85
1258 57.85
1259 57.85
1260 57.85
1261 57.85
1262 57.85
1263 57.85
1264 57.85
1265 57.85
1266 57.85
1267 57.85
1268 57.85
1269 57.85
1270 57.85
1271 57.85
1272 57.85
1273 57.86
1274 57.85
1275 57.85
1276 57.85
1277 57.85
1278 57.85
1279 57.85
1280 57.85
1281 57.85
1282 57.85
1283 57.85
1284 57.85
1285 57.85
1286 57.85
1287 57.85
1288 57.86
1289 57.85
1290 57.85
1291 57.86
1292 57.85
1293 57.85
1294 57.86
1295 57.85
1296 57.85
1297 57.86
1298 57.85
1299 57.86
1300 57.85
1301 57.85
1302 57.85
1303 57.85
1304 57.85
1305 57.86
1306 57.85
1307 57.86
1308 57.85
1309 57.85
1310 57.85
1311 57.85
1312 57.86
1313 57.85
1314 57.86
1315 57.86
1316 57.85
1317 57.85
1318 57.85
1319 57.86
1320 57.86
1321 57.86
1322 57.85
1323 57.85
1324 57.86
1325 57.85
1326 57.85
1327 57.85
1328 57.86
1329 57.85
1330 57.86
1331 57.86
1332 57.86
1333 57.86
1334 57.86
1335 57.86
1336 57.85
1337 57.86
1338 57.86
1339 57.85
1340 57.86
1341 57.85
1342 57.86
1343 57.86
1344 57.86
1345 57.86
1346 57.85
1347 57.86
1348 57.86
1349 57.85
1350 57.86
1351 57.86
1352 57.86
1353 57.86
1354 57.87
1355 57.85
1356 57.86
1357 57.85
1358 57.85
1359 57.86
1360 57.86
1361 57.86
1362 57.87
1363 57.87
1364 57.86
1365 57.86
1366 57.86
1367 57.87
1368 57.86
1369 57.86
1370 57.86
1371 57.87
1372 57.87
1373 57.87
1374 57.85
1375 57.87
1376 57.86
1377 57.86
1378 57.87
1379 57.87
1380 57.86
1381 57.85
1382 57.86
1383 57.86
1384 57.86
1385 57.85
1386 57.86
1387 57.87
1388 57.85
1389 57.87
1390 57.86
1391 57.86
1392 57.86
1393 57.86
1394 57.87
1395 57.87
1396 57.86
1397 57.86
1398 57.86
1399 57.87
1400 57.86
1401 57.87
1402 57.87
1403 57.88
1404 57.87
1405 57.87
1406 57.86
1407 57.86
1408 57.88
1409 57.86
1410 57.86
1411 57.87
1412 57.85
1413 57.86
1414 57.87
1415 57.86
1416 57.87
1417 57.87
1418 57.86
1419 57.87
1420 57.88
1421 57.86
1422 57.88
1423 57.87
1424 57.88
1425 57.86
1426 57.87
1427 57.88
1428 57.88
1429 57.87
1430 57.87
1431 57.86
1432 57.87
1433 57.86
1434 57.88
1435 57.87
1436 57.88
1437 57.87
1438 57.88
1439 57.87
1440 57.89
1441 57.87
1442 57.87
1443 57.88
1444 57.89
1445 57.90
1446 57.88
1447 57.88
1448 57.89
1449 57.88
1450 57.88
1451 57.88
1452 57.87
1453 57.90
1454 57.89
1455 57.88
1456 57.87
1457 57.90
1458 57.90
1459 57.88
1460 57.88
1461 57.88
1462 57.90
1463 57.88
1464 57.91
1465 57.88
1466 57.89
1467 57.90
1468 57.89
1469 57.92
1470 57.87
1471 57.89
1472 57.88
1473 57.90
1474 57.90
1475 57.90
1476 57.86
1477 57.91
1478 57.91
1479 57.88
1480 57.92
1481 57.90
1482 57.89
1483 57.88
1484 57.90
1485 57.88
1486 57.90
1487 57.90
1488 57.91
1489 57.89
1490 57.88
1491 57.90
1492 57.89
1493 57.90
1494 57.92
1495 57.89
1496 57.89
1497 57.91
1498 57.89
1499 57.91
1500 57.90
1501 57.90
1502 57.90
1503 57.92
1504 57.92
1505 57.90
1506 57.90
1507 57.90
1508 57.90
1509 57.92
1510 57.91
1511 57.91
1512 57.92
1513 57.93
1514 57.91
1515 57.92
1516 57.94
1517 57.93
1518 57.93
1519 57.95
1520 57.93
1521 57.92
1522 57.92
1523 57.94
1524 57.95
1525 57.93
1526 57.92
1527 57.90
1528 57.94
1529 57.93
1530 57.97
1531 57.93
1532 57.90
1533 57.92
1534 57.91
1535 57.95
1536 57.94
1537 57.94
1538 57.95
1539 57.95
1540 57.93
1541 57.95
1542 57.95
1543 57.97
1544 57.95
1545 57.94
1546 57.94
1547 57.95
1548 57.94
1549 57.94
1550 57.94
1551 57.90
1552 57.95
1553 57.94
1554 57.96
1555 57.94
1556 57.90
1557 57.95
1558 57.96
1559 57.96
1560 57.97
1561 57.98
1562 57.95
1563 57.96
1564 57.96
1565 57.97
1566 57.96
1567 57.89
1568 57.86
1569 57.85
1570 57.61
1571 57.48
1572 57.32
1573 57.13
1574 56.94
1575 56.87
1576 56.63
1577 56.55
1578 56.14
1579 55.90
1580 55.37
1581 54.68
1582 53.94
1583 53.21
1584 52.28
1585 51.49
1586 50.60
1587 49.68
1588 48.93
1589 47.99
1590 47.15
1591 46.34
1592 45.43
1593 44.65
1594 43.78
1595 43.07
1596 42.38
1597 41.67
1598 40.97
1599 40.13
1600 39.40
1601 38.72
1602 38.13
1603 37.55
1604 36.89
1605 36.35
1606 35.76
1607 35.25
1608 34.64
1609 34.19
1610 33.71
1611 33.14
1612 32.64
1613 32.19
1614 31.74
1615 31.28
1616 30.79
1617 30.28
1618 29.81
1619 29.37
1620 28.91
1621 28.60
1622 28.24
1623 27.91
1624 27.59
1625 27.31
1626 26.95
1627 26.70
1628 26.29
1629 25.91
1630 25.60
1631 25.21
1632 24.99
1633 24.59
1634 24.35
1635 24.13
1636 23.79
1637 23.50
1638 23.20
1639 22.86
1640 22.65
1641 22.40
1642 22.08
1643 21.89
1644 21.72
1645 21.48
1646 21.23
1647 20.97
1648 20.75
1649 20.54
1650 20.33
1651 20.12
1652 19.91
1653 19.68
1654 19.45
1655 19.24
1656 19.03
1657 18.80
1658 18.62
1659 18.44
1660 18.23
1661 18.02
1662 17.82
1663 17.61
1664 17.41
1665 17.21
1666 17.00
1667 16.81
1668 16.70
1669 16.57
1670 16.38
1671 16.18
1672 16.01
1673 15.95
1674 15.78
1675 15.74
1676 15.56
1677 15.37
1678 15.29
1679 15.14
1680 14.95
1681 14.80
1682 14.73
1683 14.54
1684 14.47
1685 14.33
1686 14.13
1687 14.05
1688 13.92
1689 13.72
1690 13.59
1691 13.51
1692 13.32
1693 13.16
1694 13.09
1695 12.93
1696 12.89
1697 12.71
1698 12.58
1699 12.50
1700 12.31
1701 12.23
1702 12.10
1703 11.94
1704 11.91
1705 11.73
1706 11.69
1707 11.52
1708 11.49
1709 11.31
1710 11.28
1711 11.13
1712 11.10
1713 10.96
1714 10.90
1715 10.85
1716 10.71
1717 10.69
1718 10.59
1719 10.51
1720 10.45
1721 10.31
1722 10.21
1723 10.11
1724 10.00
1725 9.91
1726 9.86
1727 9.71
1728 9.69
1729 9.66
1730 9.54
1731 9.51
1732 9.42
1733 9.31
1734 9.24
1735 9.11
1736 9.10
1737 8.98
1738 8.92
1739 8.91
1740 8.81
1741 8.72
1742 8.71
1743 8.54
1744 8.52
1745 8.42
1746 8.32
1747 8.28
1748 8.14
1749 8.12
1750 8.09
1751 7.94
1752 7.93
1753 7.86
1754 7.74
1755 7.71
1756 7.58
1757 7.54
1758 7.45
1759 7.34
1760 7.34
1761 7.34
1762 7.25
1763 7.16
1764 7.14
1765 7.13
1766 7.06
1767 6.97
1768 6.95
1769 6.97
1770 6.97
1771 6.99
1772 6.95
1773 6.95
1774 6.92
1775 6.76
1776 6.70
1777 6.55
1778 6.37
1779 6.32
1780 6.18
1781 6.11
1782 5.98
1783 5.96
1784 5.80
1785 5.78
1786 5.71
1787 5.58
1788 5.55
1789 5.41
1790 5.38
