1 14.74
2 14.74
3 12.65
4 12.73
5 12.55
6 12.91
7 13.32
8 13.72
9 13.96
10 14.13
11 14.31
12 14.50
13 15.15
14 16.38
15 18.46
16 21.16
17 23.93
18 26.30
19 28.39
20 29.98
21 31.33
22 32.65
23 33.97
24 35.27
25 36.51
26 37.80
27 38.94
28 40.02
29 40.99
30 41.90
31 42.61
32 43.31
33 44.00
34 44.60
35 45.14
36 45.56
37 46.03
38 46.42
39 46.84
40 47.29
41 47.75
42 48.09
43 48.47
44 48.81
45 49.17
46 49.42
47 49.68
48 49.98
49 50.24
50 50.46
51 50.66
52 50.86
53 51.07
54 51.31
55 51.49
56 51.58
57 51.79
58 51.91
59 52.03
60 52.23
61 52.28
62 52.45
63 52.52
64 52.66
65 52.75
66 52.78
67 52.95
68 53.00
69 53.06
70 53.23
71 53.23
72 53.33
73 53.45
74 53.48
75 53.52
76 53.66
77 53.72
78 53.73
79 53.85
80 53.94
81 53.96
82 53.98
83 54.07
84 54.19
85 54.20
86 54.20
87 54.27
88 54.37
89 54.43
90 54.45
91 54.46
92 54.55
93 54.63
94 54.68
95 54.68
96 54.69
97 54.74
98 54.82
99 54.87
100 54.93
101 54.93
102 54.95
103 55.00
104 55.05
105 55.12
106 55.16
107 55.17
108 55.17
109 55.18
110 55.25
111 55.33
112 55.38
113 55.41
114 55.41
115 55.42
116 55.42
117 55.46
118 55.49
119 55.53
120 55.62
121 55.65
122 55.65
123 55.65
124 55.66
125 55.68
126 55.68
127 55.74
128 55.79
129 55.83
130 55.86
131 55.89
132 55.90
133 55.90
134 55.90
135 55.91
136 55.95
137 55.96
138 56.00
139 56.04
140 56.11
141 56.12
142 56.14
143 56.14
144 56.14
145 56.15
146 56.14
147 56.14
148 56.18
149 56.20
150 56.24
151 56.25
152 56.29
153 56.33
154 56.37
155 56.37
156 56.38
157 56.38
158 56.38
159 56.39
160 56.39
161 56.39
162 56.39
163 56.39
164 56.41
165 56.41
166 56.41
167 56.40
168 56.43
169 56.44
170 56.43
171 56.48
172 56.50
173 56.53
174 56.54
175 56.58
176 56.58
177 56.60
178 56.62
179 56.62
180 56.63
181 56.63
182 56.63
183 56.63
184 56.63
185 56.63
186 56.63
187 56.63
188 56.63
189 56.64
190 56.65
191 56.65
192 56.68
193 56.68
194 56.72
195 56.75
196 56.76
197 56.79
198 56.80
199 56.81
200 56.82
201 56.84
202 56.85
203 56.85
204 56.85
205 56.87
206 56.87
207 56.87
208 56.87
209 56.87
210 56.87
211 56.87
212 56.87
213 56.88
214 56.87
215 56.89
216 56.89
217 56.89
218 56.89
219 56.89
220 56.90
221 56.91
222 56.91
223 56.94
224 56.95
225 56.97
226 56.98
227 56.98
228 56.99
229 57.01
230 57.05
231 57.06
232 57.08
233 57.06
234 57.09
235 57.08
236 57.09
237 57.10
238 57.11
239 57.11
240 57.12
241 57.12
242 57.11
243 57.12
244 57.12
245 57.12
246 57.12
247 57.12
248 57.12
249 57.12
250 57.12
251 57.12
252 57.12
253 57.12
254 57.12
255 57.12
256 57.12
257 57.13
258 57.12
259 57.13
260 57.14
261 57.13
262 57.14
263 57.12
264 57.14
265 57.14
266 57.15
267 57.16
268 57.19
269 57.16
270 57.15
271 57.19
272 57.18
273 57.17
274 57.24
275 57.22
276 57.21
277 57.25
278 57.26
279 57.26
280 57.26
281 57.25
282 57.26
283 57.29
284 57.29
285 57.29
286 57.29
287 57.30
288 57.33
289 57.31
290 57.34
291 57.33
292 57.35
293 57.35
294 57.32
295 57.36
296 57.35
297 57.35
298 57.35
299 57.33
300 57.35
301 57.36
302 57.35
303 57.35
304 57.36
305 57.36
306 57.36
307 57.36
308 57.36
309 57.36
310 57.36
311 57.37
312 57.36
313 57.36
314 57.36
315 57.36
316 57.37
317 57.36
318 57.36
319 57.36
320 57.36
321 57.37
322 57.37
323 57.36
324 57.37
325 57.36
326 57.37
327 57.36
328 57.36
329 57.37
330 57.37
331 57.37
332 57.38
333 57.38
334 57.38
335 57.37
336 57.38
337 57.38
338 57.38
339 57.38
340 57.40
341 57.38
342 57.38
343 57.37
344 57.38
345 57.40
346 57.39
347 57.39
348 57.39
349 57.39
350 57.40
351 57.38
352 57.41
353 57.40
354 57.39
355 57.41
356 57.42
357 57.43
358 57.40
359 57.41
360 57.45
361 57.44
362 57.41
363 57.43
364 57.47
365 57.42
366 57.43
367 57.45
368 57.48
369 57.45
370 57.49
371 57.47
372 57.47
373 57.50
374 57.45
375 57.47
376 57.49
377 57.49
378 57.50
379 57.53
380 57.52
381 57.52
382 57.48
383 57.53
384 57.52
385 57.54
386 57.52
387 57.55
388 57.53
389 57.53
390 57.54
391 57.54
392 57.54
393 57.58
394 57.54
395 57.54
396 57.57
397 57.55
398 57.56
399 57.58
400 57.57
401 57.59
402 57.58
403 57.56
404 57.59
405 57.57
406 57.58
407 57.59
408 57.59
409 57.60
410 57.59
411 57.57
412 57.59
413 57.59
414 57.59
415 57.59
416 57.59
417 57.58
418 57.61
419 57.59
420 57.59
421 57.59
422 57.60
423 57.59
424 57.61
425 57.60
426 57.60
427 57.60
428 57.60
429 57.60
430 57.61
431 57.60
432 57.61
433 57.60
434 57.60
435 57.60
436 57.60
437 57.60
438 57.61
439 57.60
440 57.60
441 57.61
442 57.60
443 57.61
444 57.60
445 57.60
446 57.61
447 57.61
448 57.60
449 57.61
450 57.61
451 57.61
452 57.61
453 57.61
454 57.61
455 57.61
456 57.60
457 57.60
458 57.61
459 57.61
460 57.61
461 57.60
462 57.60
463 57.61
464 57.61
465 57.61
466 57.60
467 57.61
468 57.61
469 57.62
470 57.61
471 57.61
472 57.62
473 57.61
474 57.60
475 57.61
476 57.61
477 57.61
478 57.61
479 57.61
480 57.61
481 57.61
482 57.61
483 57.61
484 57.61
485 57.62
486 57.61
487 57.62
488 57.61
489 57.61
490 57.61
491 57.62
492 57.61
493 57.61
494 57.62
495 57.62
496 57.61
497 57.61
498 57.61
499 57.62
500 57.61
501 57.63
502 57.62
503 57.62
504 57.61
505 57.61
506 57.62
507 57.61
508 57.62
509 57.61
510 57.63
511 57.63
512 57.62
513 57.61
514 57.62
515 57.62
516 57.62
517 57.62
518 57.63
519 57.62
520 57.61
521 57.62
522 57.63
523 57.63
524 57.62
525 57.62
526 57.62
527 57.63
528 57.62
529 57.63
530 57.63
531 57.62
532 57.64
533 57.62
534 57.64
535 57.64
536 57.64
537 57.63
538 57.65
539 57.63
540 57.64
541 57.63
542 57.66
543 57.64
544 57.66
545 57.68
546 57.66
547 57.64
548 57.67
549 57.64
550 57.64
551 57.66
552 57.66
553 57.67
554 57.65
555 57.67
556 57.67
557 57.67
558 57.68
559 57.67
560 57.69
561 57.69
562 57.68
563 57.70
564 57.67
565 57.69
566 57.66
567 57.69
568 57.68
569 57.70
570 57.71
571 57.67
572 57.70
573 57.70
574 57.71
575 57.71
576 57.69
577 57.68
578 57.71
579 57.73
580 57.71
581 57.73
582 57.73
583 57.70
584 57.74
585 57.69
586 57.71
587 57.74
588 57.71
589 57.72
590 57.75
591 57.74
592 57.73
593 57.74
594 57.72
595 57.74
596 57.75
597 57.75
598 57.79
599 57.77
600 57.79
601 57.74
602 57.75
603 57.78
604 57.75
605 57.79
606 57.76
607 57.74
608 57.75
609 57.78
610 57.79
611 57.77
612 57.78
613 57.78
614 57.76
615 57.80
616 57.79
617 57.78
618 57.78
619 57.76
620 57.80
621 57.77
622 57.80
623 57.79
624 57.80
625 57.81
626 57.80
627 57.81
628 57.80
629 57.80
630 57.78
631 57.80
632 57.78
633 57.82
634 57.81
635 57.80
636 57.84
637 57.81
638 57.82
639 57.81
640 57.83
641 57.81
642 57.83
643 57.83
644 57.81
645 57.84
646 57.81
647 57.84
648 57.83
649 57.81
650 57.83
651 57.81
652 57.83
653 57.83
654 57.83
655 57.82
656 57.82
657 57.84
658 57.83
659 57.83
660 57.83
661 57.84
662 57.84
663 57.84
664 57.83
665 57.83
666 57.84
667 57.83
668 57.85
669 57.85
670 57.84
671 57.83
672 57.85
673 57.85
674 57.85
675 57.84
676 57.83
677 57.84
678 57.83
679 57.84
680 57.84
681 57.85
682 57.85
683 57.85
684 57.85
685 57.83
686 57.84
687 57.85
688 57.85
689 57.85
690 57.85
691 57.85
692 57.85
693 57.85
694 57.85
695 57.85
696 57.85
697 57.85
698 57.84
699 57.84
700 57.84
701 57.85
702 57.85
703 57.85
704 57.85
705 57.85
706 57.85
707 57.85
708 57.85
709 57.85
710 57.85
711 57.85
712 57.85
713 57.85
714 57.85
715 57.85
716 57.85
717 57.85
718 57.85
719 57.85
720 57.85
721 57.85
722 57.85
723 57.85
724 57.85
725 57.85
726 57.85
727 57.85
728 57.85
729 57.85
730 57.85
731 57.85
732 57.85
733 57.85
734 57.85
735 57.85
736 57.85
737 57.85
738 57.85
739 57.85
740 57.85
741 57.85
742 57.85
743 57.85
744 57.85
745 57.85
746 57.86
747 57.85
748 57.85
749 57.85
750 57.86
751 57.85
752 57.86
753 57.85
754 57.86
755 57.85
756 57.85
757 57.85
758 57.85
759 57.85
760 57.85
761 57.86
762 57.86
763 57.86
764 57.85
765 57.86
766 57.85
767 57.85
768 57.85
769 57.85
770 57.85
771 57.85
772 57.85
773 57.85
774 57.86
775 57.85
776 57.86
777 57.85
778 57.85
779 57.85
780 57.85
781 57.86
782 57.85
783 57.86
784 57.86
785 57.87
786 57.86
787 57.86
788 57.87
789 57.85
790 57.85
791 57.85
792 57.87
793 57.86
794 57.87
795 57.86
796 57.87
797 57.87
798 57.86
799 57.87
800 57.86
801 57.87
802 57.87
803 57.86
804 57.86
805 57.87
806 57.85
807 57.87
808 57.87
809 57.87
810 57.87
811 57.87
812 57.87
813 57.86
814 57.85
815 57.87
816 57.87
817 57.86
818 57.87
819 57.86
820 57.86
821 57.88
822 57.86
823 57.87
824 57.86
825 57.87
826 57.87
827 57.87
828 57.87
829 57.86
830 57.87
831 57.87
832 57.87
833 57.88
834 57.87
835 57.87
836 57.87
837 57.87
838 57.87
839 57.88
840 57.88
841 57.88
842 57.87
843 57.87
844 57.87
845 57.87
846 57.88
847 57.89
848 57.88
849 57.88
850 57.86
851 57.88
852 57.89
853 57.87
854 57.89
855 57.88
856 57.88
857 57.87
858 57.88
859 57.90
860 57.87
861 57.88
862 57.87
863 57.89
864 57.90
865 57.88
866 57.89
867 57.88
868 57.88
869 57.88
870 57.89
871 57.93
872 57.90
873 57.90
874 57.89
875 57.90
876 57.90
877 57.91
878 57.90
879 57.89
880 57.92
881 57.90
882 57.92
883 57.91
884 57.92
885 57.92
886 57.91
887 57.89
888 57.90
889 57.92
890 57.94
891 57.93
892 57.90
893 57.93
894 57.93
895 57.93
896 57.95
897 57.91
898 57.90
899 57.92
900 57.92
901 57.93
902 57.93
903 57.92
904 57.93
905 57.94
906 57.95
907 57.94
908 57.91
909 57.94
910 57.91
911 57.95
912 57.95
913 57.94
914 57.96
915 57.97
916 57.94
917 57.94
918 57.96
919 57.94
920 57.95
921 57.96
922 57.95
923 57.96
924 57.95
925 57.96
926 57.94
927 57.97
928 57.96
929 57.94
930 57.97
931 57.97
932 58.00
933 58.00
934 57.96
935 57.99
936 57.94
937 57.99
938 57.95
939 57.94
940 57.97
941 57.98
942 58.00
943 58.01
944 57.95
945 58.01
946 57.97
947 57.98
948 57.99
949 57.99
950 57.99
951 57.98
952 58.00
953 57.99
954 58.01
955 58.02
956 58.00
957 58.01
958 58.01
959 58.00
960 58.01
961 57.97
962 58.00
963 58.00
964 58.00
965 58.01
966 57.99
967 58.02
968 58.00
969 57.97
970 58.02
971 58.02
972 58.00
973 57.98
974 58.02
975 58.03
976 58.03
977 58.02
978 58.01
979 58.01
980 58.02
981 57.99
982 58.04
983 58.01
984 58.03
985 58.03
986 58.00
987 58.03
988 58.01
989 58.02
990 58.01
991 58.00
992 58.04
993 57.98
994 58.04
995 58.03
996 58.06
997 58.04
998 58.04
999 58.04
1000 58.02
1001 58.04
1002 58.04
1003 58.02
1004 58.04
1005 58.03
1006 58.04
1007 58.02
1008 58.04
1009 58.04
1010 58.04
1011 58.05
1012 58.04
1013 58.04
1014 58.05
1015 58.05
1016 58.05
1017 58.07
1018 58.08
1019 58.06
1020 58.05
1021 58.06
1022 58.05
1023 58.04
1024 58.04
1025 58.05
1026 58.02
1027 58.06
1028 58.05
1029 58.06
1030 58.08
1031 58.07
1032 58.05
1033 58.05
1034 58.06
1035 58.04
1036 58.05
1037 58.04
1038 58.06
1039 58.08
1040 58.05
1041 58.05
1042 58.07
1043 58.07
1044 58.07
1045 58.08
1046 58.08
1047 58.08
1048 58.06
1049 58.07
1050 58.08
1051 58.05
1052 58.08
1053 58.07
1054 58.08
1055 58.07
1056 58.08
1057 58.08
1058 58.07
1059 58.09
1060 58.08
1061 58.08
1062 58.09
1063 58.08
1064 58.08
1065 58.07
1066 58.06
1067 58.08
1068 58.08
1069 58.09
1070 58.08
1071 58.08
1072 58.06
1073 58.08
1074 58.08
1075 58.09
1076 58.09
1077 58.08
1078 58.08
1079 58.08
1080 58.09
1081 58.07
1082 58.08
1083 58.08
1084 58.07
1085 58.09
1086 58.09
1087 58.09
1088 58.09
1089 58.09
1090 58.08
1091 58.08
1092 58.10
1093 58.09
1094 58.10
1095 58.09
1096 58.08
1097 58.08
1098 58.08
1099 58.10
1100 58.09
1101 58.08
1102 58.08
1103 58.10
1104 58.08
1105 58.10
1106 58.08
1107 58.08
1108 58.10
1109 58.08
1110 58.10
1111 58.10
1112 58.09
1113 58.09
1114 58.10
1115 58.10
1116 58.08
1117 58.09
1118 58.10
1119 58.10
1120 58.09
1121 58.10
1122 58.09
1123 58.09
1124 58.10
1125 58.09
1126 58.10
1127 58.08
1128 58.09
1129 58.10
1130 58.09
1131 58.08
1132 58.10
1133 58.09
1134 58.10
1135 58.10
1136 58.09
1137 58.10
1138 58.09
1139 58.10
1140 58.10
1141 58.09
1142 58.10
1143 58.10
1144 58.10
1145 58.09
1146 58.10
1147 58.09
1148 58.10
1149 58.10
1150 58.10
1151 58.10
1152 58.10
1153 58.09
1154 58.10
1155 58.09
1156 58.10
1157 58.10
1158 58.10
1159 58.10
1160 58.10
1161 58.10
1162 58.10
1163 58.10
1164 58.09
1165 58.09
1166 58.10
1167 58.10
1168 58.10
1169 58.09
1170 58.10
1171 58.10
1172 58.10
1173 58.10
1174 58.10
1175 58.10
1176 58.10
1177 58.10
1178 58.10
1179 58.10
1180 58.10
1181 58.09
1182 58.10
1183 58.10
1184 58.10
1185 58.10
1186 58.10
1187 58.10
1188 58.10
1189 58.10
1190 58.10
1191 58.10
1192 58.10
1193 58.10
1194 58.10
1195 58.10
1196 58.10
1197 58.10
1198 58.10
1199 58.10
1200 58.10
1201 58.10
1202 58.10
1203 58.10
1204 58.10
1205 58.10
1206 58.10
1207 58.10
1208 58.10
1209 58.10
1210 58.10
1211 58.10
1212 58.10
1213 58.10
1214 58.10
1215 58.10
1216 58.10
1217 58.10
1218 58.10
1219 58.10
1220 58.10
1221 58.10
1222 58.10
1223 58.10
1224 58.10
1225 58.10
1226 58.10
1227 58.10
1228 58.10
1229 58.10
1230 58.10
1231 58.10
1232 58.10
1233 58.10
1234 58.10
1235 58.10
1236 58.10
1237 58.10
1238 58.10
1239 58.10
1240 58.10
1241 58.10
1242 58.10
1243 58.10
1244 58.10
1245 58.11
1246 58.10
1247 58.10
1248 58.10
1249 58.10
1250 58.10
1251 58.10
1252 58.10
1253 58.10
1254 58.10
1255 58.10
1256 58.10
1257 58.10
1258 58.11
1259 58.10
1260 58.10
1261 58.10
1262 58.10
1263 58.10
1264 58.10
1265 58.10
1266 58.10
1267 58.10
1268 58.10
1269 58.10
1270 58.10
1271 58.11
1272 58.10
1273 58.10
1274 58.10
1275 58.10
1276 58.10
1277 58.10
1278 58.10
1279 58.10
1280 58.11
1281 58.11
1282 58.10
1283 58.10
1284 58.10
1285 58.10
1286 58.10
1287 58.10
1288 58.11
1289 58.10
1290 58.10
1291 58.10
1292 58.10
1293 58.10
1294 58.10
1295 58.10
1296 58.10
1297 58.10
1298 58.10
1299 58.10
1300 58.10
1301 58.10
1302 58.10
1303 58.10
1304 58.10
1305 58.11
1306 58.10
1307 58.11
1308 58.10
1309 58.11
1310 58.10
1311 58.10
1312 58.10
1313 58.10
1314 58.10
1315 58.11
1316 58.10
1317 58.10
1318 58.10
1319 58.10
1320 58.10
1321 58.10
1322 58.10
1323 58.10
1324 58.10
1325 58.10
1326 58.11
1327 58.10
1328 58.11
1329 58.11
1330 58.11
1331 58.10
1332 58.10
1333 58.11
1334 58.10
1335 58.10
1336 58.10
1337 58.04
1338 57.88
1339 57.85
1340 57.69
1341 57.60
1342 57.50
1343 57.34
1344 57.16
1345 57.12
1346 56.87
1347 56.84
1348 56.63
1349 56.62
1350 56.55
1351 56.40
1352 56.39
1353 56.29
1354 56.15
1355 55.99
1356 55.90
1357 55.88
1358 55.72
1359 55.65
1360 55.60
1361 55.30
1362 54.92
1363 54.44
1364 53.88
1365 53.25
1366 52.73
1367 52.03
1368 51.29
1369 50.58
1370 49.84
1371 49.12
1372 48.31
1373 47.58
1374 46.93
1375 46.32
1376 45.63
1377 44.94
1378 44.27
1379 43.76
1380 43.08
1381 42.61
1382 42.15
1383 41.69
1384 41.25
1385 40.91
1386 40.54
1387 40.15
1388 39.84
1389 39.42
1390 39.11
1391 38.71
1392 38.42
1393 38.03
1394 37.76
1395 37.36
1396 37.11
1397 36.68
1398 36.43
1399 36.16
1400 35.78
1401 35.54
1402 35.27
1403 34.99
1404 34.65
1405 34.42
1406 34.15
1407 33.76
1408 33.51
1409 33.09
1410 32.80
1411 32.42
1412 32.11
1413 31.74
1414 31.35
1415 31.09
1416 30.82
1417 30.46
1418 30.21
1419 29.99
1420 29.76
1421 29.53
1422 29.32
1423 29.08
1424 28.76
1425 28.56
1426 28.29
1427 28.03
1428 27.80
1429 27.59
1430 27.36
1431 27.15
1432 26.95
1433 26.74
1434 26.56
1435 26.38
1436 26.19
1437 25.98
1438 25.81
1439 25.63
1440 25.43
1441 25.22
1442 25.06
1443 24.90
1444 24.77
1445 24.57
1446 24.36
1447 24.15
1448 24.01
1449 23.91
1450 23.71
1451 23.51
1452 23.34
1453 23.20
1454 23.05
1455 22.85
1456 22.65
1457 22.45
1458 22.28
1459 22.17
1460 21.99
1461 21.81
1462 21.67
1463 21.55
1464 21.38
1465 21.17
1466 20.96
1467 20.78
1468 20.67
1469 20.52
1470 20.33
1471 20.21
1472 20.12
1473 19.91
1474 19.84
1475 19.69
1476 19.49
1477 19.38
1478 19.27
1479 19.07
1480 18.99
1481 18.86
1482 18.72
1483 18.65
1484 18.45
1485 18.36
1486 18.24
1487 18.10
1488 18.03
1489 17.83
1490 17.78
1491 17.62
1492 17.48
1493 17.40
1494 17.25
1495 17.18
1496 17.02
1497 16.99
1498 16.81
1499 16.79
1500 16.60
1501 16.56
1502 16.39
1503 16.36
1504 16.18
1505 16.11
1506 15.98
1507 15.90
1508 15.76
1509 15.71
1510 15.56
1511 15.36
1512 15.27
1513 15.14
1514 15.05
1515 14.95
1516 14.91
1517 14.74
1518 14.74
1519 14.60
1520 14.54
1521 14.48
1522 14.35
1523 14.33
1524 14.18
1525 14.13
1526 14.08
1527 13.94
1528 13.92
1529 13.84
1530 13.74
1531 13.72
1532 13.64
1533 13.53
1534 13.49
1535 13.34
1536 13.32
1537 13.25
1538 13.12
1539 13.11
1540 12.97
1541 12.92
1542 12.91
1543 12.85
1544 12.72
1545 12.71
1546 12.66
1547 12.53
1548 12.51
1549 12.51
1550 12.49
1551 12.35
1552 12.31
1553 12.28
1554 12.12
1555 12.10
1556 12.09
1557 11.99
1558 11.91
1559 11.90
1560 11.87
1561 11.87
1562 11.83
1563 11.79
1564 11.71
1565 11.69
1566 11.57
1567 11.50
1568 11.45
1569 11.32
1570 11.32
1571 11.30
1572 11.30
1573 11.27
1574 11.23
1575 11.14
1576 11.10
1577 11.10
1578 10.97
1579 10.91
1580 10.90
