1 17.05
2 17.14
3 17.18
4 17.19
5 17.21
6 17.21
7 17.22
8 17.29
9 17.39
10 17.41
11 17.62
12 17.98
13 18.45
14 20.35
15 22.25
16 24.33
17 26.72
18 29.10
19 31.23
20 33.30
21 35.23
22 36.90
23 38.48
24 39.76
25 40.71
26 41.45
27 42.00
28 42.55
29 42.91
30 43.30
31 43.55
32 43.84
33 44.14
34 44.45
35 44.70
36 44.94
37 45.17
38 45.40
39 45.62
40 45.87
41 46.00
42 46.17
43 46.38
44 46.58
45 46.79
46 46.81
47 47.00
48 47.05
49 47.21
50 47.28
51 47.43
52 47.52
53 47.65
54 47.76
55 47.85
56 47.99
57 48.06
58 48.23
59 48.30
60 48.46
61 48.49
62 48.69
63 48.75
64 48.93
65 48.98
66 49.17
67 49.22
68 49.40
69 49.42
70 49.60
71 49.65
72 49.81
73 49.89
74 49.96
75 50.12
76 50.17
77 50.35
78 50.37
79 50.51
80 50.60
81 50.64
82 50.80
83 50.83
84 51.01
85 51.07
86 51.12
87 51.30
88 51.32
89 51.40
90 51.55
91 51.56
92 51.65
93 51.78
94 51.80
95 51.88
96 52.02
97 52.03
98 52.12
99 52.24
100 52.27
101 52.29
102 52.45
103 52.51
104 52.52
105 52.60
106 52.71
107 52.75
108 52.76
109 52.83
110 52.96
111 52.99
112 52.99
113 53.08
114 53.17
115 53.22
116 53.23
117 53.29
118 53.37
119 53.46
120 53.48
121 53.48
122 53.51
123 53.64
124 53.71
125 53.71
126 53.72
127 53.78
128 53.89
129 53.94
130 53.95
131 53.96
132 53.97
133 54.05
134 54.12
135 54.17
136 54.20
137 54.20
138 54.22
139 54.25
140 54.36
141 54.41
142 54.44
143 54.44
144 54.44
145 54.45
146 54.51
147 54.60
148 54.65
149 54.67
150 54.68
151 54.69
152 54.70
153 54.72
154 54.78
155 54.83
156 54.89
157 54.92
158 54.93
159 54.93
160 54.94
161 54.95
162 55.01
163 55.07
164 55.10
165 55.16
166 55.16
167 55.17
168 55.17
169 55.18
170 55.19
171 55.23
172 55.25
173 55.32
174 55.38
175 55.40
176 55.40
177 55.42
178 55.41
179 55.42
180 55.44
181 55.44
182 55.49
183 55.52
184 55.55
185 55.61
186 55.61
187 55.65
188 55.65
189 55.66
190 55.66
191 55.66
192 55.66
193 55.68
194 55.70
195 55.72
196 55.77
197 55.81
198 55.85
199 55.86
200 55.88
201 55.90
202 55.90
203 55.90
204 55.90
205 55.90
206 55.91
207 55.91
208 55.95
209 55.96
210 56.01
211 56.03
212 56.05
213 56.10
214 56.11
215 56.14
216 56.14
217 56.14
218 56.14
219 56.14
220 56.14
221 56.14
222 56.14
223 56.16
224 56.17
225 56.16
226 56.20
227 56.25
228 56.24
229 56.27
230 56.27
231 56.32
232 56.37
233 56.37
234 56.38
235 56.38
236 56.39
237 56.38
238 56.39
239 56.39
240 56.39
241 56.39
242 56.41
243 56.40
244 56.43
245 56.39
246 56.42
247 56.43
248 56.46
249 56.49
250 56.47
251 56.56
252 56.57
253 56.57
254 56.60
255 56.60
256 56.61
257 56.61
258 56.63
259 56.63
260 56.63
261 56.63
262 56.63
263 56.63
264 56.63
265 56.63
266 56.63
267 56.63
268 56.65
269 56.64
270 56.65
271 56.65
272 56.65
273 56.65
274 56.68
275 56.71
276 56.70
277 56.72
278 56.73
279 56.75
280 56.79
281 56.81
282 56.82
283 56.85
284 56.85
285 56.86
286 56.87
287 56.87
288 56.87
289 56.86
290 56.87
291 56.87
292 56.87
293 56.87
294 56.87
295 56.87
296 56.87
297 56.87
298 56.87
299 56.87
300 56.88
301 56.87
302 56.88
303 56.89
304 56.88
305 56.89
306 56.89
307 56.91
308 56.89
309 56.94
310 56.91
311 56.94
312 56.96
313 56.98
314 56.96
315 56.99
316 57.00
317 57.01
318 56.98
319 57.03
320 57.03
321 57.06
322 57.06
323 57.05
324 57.07
325 57.08
326 57.10
327 57.10
328 57.10
329 57.11
330 57.11
331 57.11
332 57.11
333 57.11
334 57.12
335 57.12
336 57.11
337 57.12
338 57.12
339 57.12
340 57.12
341 57.12
342 57.12
343 57.12
344 57.12
345 57.12
346 57.12
347 57.12
348 57.12
349 57.12
350 57.13
351 57.13
352 57.13
353 57.13
354 57.13
355 57.15
356 57.13
357 57.13
358 57.14
359 57.14
360 57.15
361 57.17
362 57.16
363 57.17
364 57.17
365 57.18
366 57.17
367 57.18
368 57.18
369 57.19
370 57.21
371 57.18
372 57.20
373 57.25
374 57.23
375 57.23
376 57.27
377 57.29
378 57.27
379 57.27
380 57.28
381 57.29
382 57.30
383 57.30
384 57.31
385 57.31
386 57.32
387 57.31
388 57.30
389 57.33
390 57.35
391 57.33
392 57.33
393 57.34
394 57.35
395 57.34
396 57.35
397 57.35
398 57.33
399 57.34
400 57.35
401 57.36
402 57.36
403 57.36
404 57.36
405 57.36
406 57.36
407 57.36
408 57.36
409 57.36
410 57.36
411 57.36
412 57.36
413 57.36
414 57.36
415 57.36
416 57.36
417 57.36
418 57.36
419 57.36
420 57.36
421 57.36
422 57.36
423 57.36
424 57.37
425 57.36
426 57.36
427 57.36
428 57.37
429 57.37
430 57.37
431 57.36
432 57.36
433 57.37
434 57.37
435 57.37
436 57.36
437 57.37
438 57.38
439 57.38
440 57.38
441 57.37
442 57.38
443 57.37
444 57.38
445 57.39
446 57.40
447 57.38
448 57.39
449 57.37
450 57.39
451 57.39
452 57.40
453 57.40
454 57.39
455 57.39
456 57.39
457 57.40
458 57.39
459 57.42
460 57.41
461 57.44
462 57.41
463 57.41
464 57.44
465 57.43
466 57.45
467 57.43
468 57.43
469 57.44
470 57.43
471 57.47
472 57.45
473 57.44
474 57.43
475 57.43
476 57.47
477 57.47
478 57.45
479 57.47
480 57.46
481 57.50
482 57.50
483 57.49
484 57.50
485 57.50
486 57.48
487 57.51
488 57.51
489 57.51
490 57.50
491 57.50
492 57.52
493 57.53
494 57.53
495 57.55
496 57.52
497 57.56
498 57.55
499 57.52
500 57.55
501 57.53
502 57.57
503 57.57
504 57.56
505 57.56
506 57.57
507 57.55
508 57.57
509 57.57
510 57.59
511 57.55
512 57.56
513 57.59
514 57.58
515 57.57
516 57.57
517 57.59
518 57.59
519 57.57
520 57.58
521 57.57
522 57.60
523 57.60
524 57.60
525 57.57
526 57.59
527 57.60
528 57.60
529 57.60
530 57.60
531 57.60
532 57.58
533 57.60
534 57.60
535 57.60
536 57.60
537 57.60
538 57.60
539 57.60
540 57.61
541 57.61
542 57.61
543 57.60
544 57.61
545 57.60
546 57.60
547 57.60
548 57.60
549 57.61
550 57.61
551 57.61
552 57.61
553 57.61
554 57.60
555 57.61
556 57.61
557 57.60
558 57.61
559 57.60
560 57.61
561 57.61
562 57.60
563 57.60
564 57.60
565 57.61
566 57.61
567 57.60
568 57.61
569 57.60
570 57.61
571 57.61
572 57.61
573 57.60
574 57.61
575 57.60
576 57.61
577 57.61
578 57.60
579 57.61
580 57.61
581 57.60
582 57.62
583 57.61
584 57.61
585 57.61
586 57.61
587 57.61
588 57.61
589 57.61
590 57.61
591 57.61
592 57.61
593 57.61
594 57.61
595 57.61
596 57.61
597 57.61
598 57.61
599 57.61
600 57.61
601 57.61
602 57.61
603 57.61
604 57.61
605 57.61
606 57.61
607 57.62
608 57.62
609 57.61
610 57.61
611 57.61
612 57.61
613 57.62
614 57.61
615 57.61
616 57.62
617 57.61
618 57.62
619 57.61
620 57.62
621 57.61
622 57.61
623 57.61
624 57.62
625 57.61
626 57.62
627 57.62
628 57.61
629 57.61
630 57.62
631 57.61
632 57.62
633 57.61
634 57.62
635 57.61
636 57.62
637 57.62
638 57.64
639 57.62
640 57.63
641 57.63
642 57.62
643 57.63
644 57.62
645 57.62
646 57.64
647 57.64
648 57.62
649 57.64
650 57.64
651 57.62
652 57.64
653 57.62
654 57.64
655 57.63
656 57.64
657 57.64
658 57.62
659 57.65
660 57.64
661 57.62
662 57.64
663 57.63
664 57.63
665 57.64
666 57.63
667 57.65
668 57.64
669 57.65
670 57.64
671 57.65
672 57.65
673 57.66
674 57.67
675 57.63
676 57.66
677 57.67
678 57.66
679 57.65
680 57.68
681 57.67
682 57.66
683 57.66
684 57.65
685 57.67
686 57.69
687 57.66
688 57.68
689 57.68
690 57.66
691 57.66
692 57.64
693 57.66
694 57.65
695 57.64
696 57.66
697 57.69
698 57.69
699 57.69
700 57.69
701 57.68
702 57.67
703 57.69
704 57.69
705 57.72
706 57.70
707 57.70
708 57.69
709 57.71
710 57.69
711 57.69
712 57.69
713 57.66
714 57.69
715 57.71
716 57.71
717 57.72
718 57.71
719 57.72
720 57.71
721 57.74
722 57.75
723 57.71
724 57.71
725 57.72
726 57.70
727 57.73
728 57.69
729 57.71
730 57.72
731 57.71
732 57.69
733 57.71
734 57.71
735 57.73
736 57.70
737 57.74
738 57.73
739 57.73
740 57.72
741 57.71
742 57.71
743 57.73
744 57.76
745 57.76
746 57.72
747 57.73
748 57.73
749 57.74
750 57.74
751 57.70
752 57.74
753 57.73
754 57.78
755 57.74
756 57.75
757 57.76
758 57.75
759 57.77
760 57.74
761 57.74
762 57.74
763 57.74
764 57.76
765 57.75
766 57.78
767 57.76
768 57.78
769 57.74
770 57.74
771 57.78
772 57.78
773 57.79
774 57.78
775 57.77
776 57.79
777 57.77
778 57.81
779 57.78
780 57.78
781 57.78
782 57.79
783 57.80
784 57.79
785 57.79
786 57.78
787 57.78
788 57.77
789 57.80
790 57.79
791 57.81
792 57.77
793 57.80
794 57.81
795 57.80
796 57.80
797 57.78
798 57.79
799 57.81
800 57.79
801 57.81
802 57.81
803 57.81
804 57.80
805 57.81
806 57.81
807 57.80
808 57.81
809 57.80
810 57.82
811 57.82
812 57.80
813 57.80
814 57.82
815 57.83
816 57.82
817 57.82
818 57.82
819 57.83
820 57.82
821 57.80
822 57.81
823 57.83
824 57.81
825 57.82
826 57.82
827 57.83
828 57.83
829 57.83
830 57.81
831 57.84
832 57.83
833 57.84
834 57.81
835 57.83
836 57.82
837 57.82
838 57.83
839 57.84
840 57.83
841 57.82
842 57.83
843 57.83
844 57.83
845 57.83
846 57.83
847 57.83
848 57.83
849 57.83
850 57.83
851 57.84
852 57.83
853 57.85
854 57.84
855 57.84
856 57.85
857 57.83
858 57.84
859 57.85
860 57.84
861 57.81
862 57.83
863 57.84
864 57.84
865 57.83
866 57.85
867 57.85
868 57.83
869 57.83
870 57.83
871 57.84
872 57.83
873 57.83
874 57.85
875 57.85
876 57.84
877 57.84
878 57.84
879 57.83
880 57.84
881 57.84
882 57.84
883 57.85
884 57.85
885 57.85
886 57.85
887 57.85
888 57.84
889 57.83
890 57.85
891 57.84
892 57.84
893 57.84
894 57.85
895 57.83
896 57.85
897 57.84
898 57.85
899 57.84
900 57.85
901 57.85
902 57.84
903 57.85
904 57.84
905 57.85
906 57.85
907 57.84
908 57.84
909 57.85
910 57.85
911 57.85
912 57.85
913 57.85
914 57.85
915 57.84
916 57.85
917 57.85
918 57.84
919 57.85
920 57.85
921 57.85
922 57.85
923 57.85
924 57.85
925 57.85
926 57.85
927 57.85
928 57.85
929 57.85
930 57.85
931 57.85
932 57.85
933 57.85
934 57.85
935 57.85
936 57.85
937 57.85
938 57.85
939 57.85
940 57.85
941 57.85
942 57.86
943 57.85
944 57.85
945 57.85
946 57.85
947 57.85
948 57.85
949 57.85
950 57.85
951 57.85
952 57.85
953 57.85
954 57.85
955 57.85
956 57.85
957 57.85
958 57.85
959 57.85
960 57.85
961 57.85
962 57.85
963 57.85
964 57.85
965 57.85
966 57.85
967 57.85
968 57.85
969 57.85
970 57.85
971 57.85
972 57.85
973 57.86
974 57.85
975 57.85
976 57.85
977 57.85
978 57.85
979 57.85
980 57.85
981 57.85
982 57.85
983 57.85
984 57.85
985 57.85
986 57.85
987 57.85
988 57.86
989 57.85
990 57.85
991 57.85
992 57.85
993 57.85
994 57.85
995 57.85
996 57.85
997 57.85
998 57.85
999 57.85
1000 57.85
1001 57.85
1002 57.85
1003 57.85
1004 57.86
1005 57.85
1006 57.86
1007 57.86
1008 57.85
1009 57.85
1010 57.85
1011 57.85
1012 57.86
1013 57.86
1014 57.85
1015 57.85
1016 57.85
1017 57.85
1018 57.85
1019 57.85
1020 57.85
1021 57.85
1022 57.85
1023 57.85
1024 57.86
1025 57.85
1026 57.86
1027 57.85
1028 57.85
1029 57.85
1030 57.85
1031 57.86
1032 57.86
1033 57.85
1034 57.85
1035 57.85
1036 57.85
1037 57.85
1038 57.85
1039 57.85
1040 57.86
1041 57.85
1042 57.86
1043 57.85
1044 57.85
1045 57.85
1046 57.85
1047 57.85
1048 57.85
1049 57.86
1050 57.85
1051 57.85
1052 57.85
1053 57.85
1054 57.86
1055 57.85
1056 57.86
1057 57.85
1058 57.86
1059 57.85
1060 57.86
1061 57.85
1062 57.85
1063 57.86
1064 57.85
1065 57.86
1066 57.85
1067 57.86
1068 57.86
1069 57.86
1070 57.86
1071 57.85
1072 57.86
1073 57.86
1074 57.85
1075 57.85
1076 57.85
1077 57.86
1078 57.86
1079 57.85
1080 57.85
1081 57.86
1082 57.86
1083 57.87
1084 57.86
1085 57.86
1086 57.85
1087 57.86
1088 57.85
1089 57.85
1090 57.87
1091 57.85
1092 57.87
1093 57.85
1094 57.86
1095 57.86
1096 57.86
1097 57.86
1098 57.86
1099 57.86
1100 57.87
1101 57.85
1102 57.87
1103 57.86
1104 57.85
1105 57.86
1106 57.87
1107 57.87
1108 57.86
1109 57.85
1110 57.86
1111 57.86
1112 57.86
1113 57.85
1114 57.87
1115 57.86
1116 57.86
1117 57.86
1118 57.87
1119 57.86
1120 57.86
1121 57.88
1122 57.86
1123 57.87
1124 57.86
1125 57.87
1126 57.86
1127 57.86
1128 57.88
1129 57.87
1130 57.86
1131 57.87
1132 57.87
1133 57.87
1134 57.87
1135 57.87
1136 57.88
1137 57.87
1138 57.86
1139 57.87
1140 57.87
1141 57.86
1142 57.86
1143 57.86
1144 57.86
1145 57.87
1146 57.86
1147 57.87
1148 57.87
1149 57.86
1150 57.87
1151 57.87
1152 57.88
1153 57.87
1154 57.87
1155 57.86
1156 57.87
1157 57.87
1158 57.88
1159 57.87
1160 57.86
1161 57.88
1162 57.87
1163 57.88
1164 57.86
1165 57.86
1166 57.87
1167 57.86
1168 57.88
1169 57.87
1170 57.88
1171 57.87
1172 57.88
1173 57.87
1174 57.87
1175 57.88
1176 57.86
1177 57.88
1178 57.88
1179 57.88
1180 57.86
1181 57.87
1182 57.89
1183 57.87
1184 57.87
1185 57.87
1186 57.87
1187 57.88
1188 57.88
1189 57.89
1190 57.87
1191 57.88
1192 57.87
1193 57.89
1194 57.88
1195 57.87
1196 57.88
1197 57.87
1198 57.87
1199 57.87
1200 57.88
1201 57.90
1202 57.87
1203 57.87
1204 57.89
1205 57.90
1206 57.90
1207 57.87
1208 57.89
1209 57.88
1210 57.88
1211 57.89
1212 57.88
1213 57.86
1214 57.88
1215 57.90
1216 57.90
1217 57.87
1218 57.88
1219 57.87
1220 57.89
1221 57.87
1222 57.87
1223 57.87
1224 57.89
1225 57.90
1226 57.88
1227 57.88
1228 57.90
1229 57.90
1230 57.89
1231 57.91
1232 57.87
1233 57.92
1234 57.91
1235 57.88
1236 57.92
1237 57.90
1238 57.88
1239 57.88
1240 57.90
1241 57.88
1242 57.89
1243 57.90
1244 57.90
1245 57.91
1246 57.90
1247 57.92
1248 57.90
1249 57.90
1250 57.91
1251 57.89
1252 57.89
1253 57.89
1254 57.90
1255 57.91
1256 57.93
1257 57.92
1258 57.89
1259 57.92
1260 57.92
1261 57.92
1262 57.91
1263 57.91
1264 57.92
1265 57.93
1266 57.91
1267 57.94
1268 57.90
1269 57.89
1270 57.93
1271 57.93
1272 57.95
1273 57.93
1274 57.91
1275 57.93
1276 57.93
1277 57.92
1278 57.90
1279 57.94
1280 57.90
1281 57.93
1282 57.92
1283 57.92
1284 57.91
1285 57.93
1286 57.94
1287 57.91
1288 57.91
1289 57.91
1290 57.91
1291 57.90
1292 57.91
1293 57.90
1294 57.92
1295 57.93
1296 57.93
1297 57.94
1298 57.93
1299 57.93
1300 57.94
1301 57.94
1302 57.93
1303 57.94
1304 57.94
1305 57.91
1306 57.96
1307 57.94
1308 57.95
1309 57.94
1310 57.96
1311 57.96
1312 57.94
1313 57.95
1314 57.92
1315 57.95
1316 57.94
1317 57.94
1318 57.94
1319 57.95
1320 57.93
1321 57.92
1322 57.93
1323 57.93
1324 57.95
1325 57.96
1326 57.92
1327 57.95
1328 57.95
1329 57.95
1330 57.92
1331 57.94
1332 57.95
1333 57.95
1334 57.99
1335 57.95
1336 57.96
1337 57.96
1338 57.95
1339 57.97
1340 57.93
1341 57.92
1342 57.97
1343 57.95
1344 57.98
1345 57.96
1346 57.94
1347 57.96
1348 57.91
1349 57.94
1350 57.97
1351 57.95
1352 57.96
1353 57.95
1354 57.96
1355 57.95
1356 57.98
1357 57.96
1358 57.95
1359 57.97
1360 57.99
1361 57.97
1362 57.96
1363 57.99
1364 58.00
1365 57.97
1366 57.98
1367 57.99
1368 57.98
1369 57.98
1370 57.98
1371 57.98
1372 57.95
1373 57.99
1374 57.97
1375 57.97
1376 57.97
1377 58.01
1378 57.99
1379 57.95
1380 57.97
1381 57.97
1382 57.96
1383 57.98
1384 58.00
1385 57.98
1386 57.95
1387 57.96
1388 57.99
1389 58.02
1390 57.98
1391 57.97
1392 58.02
1393 57.99
1394 57.99
1395 57.99
1396 57.97
1397 57.97
1398 57.97
1399 57.98
1400 57.98
1401 57.96
1402 58.00
1403 58.01
1404 57.97
1405 57.99
1406 58.03
1407 58.00
1408 57.98
1409 58.00
1410 58.01
1411 58.00
1412 57.99
1413 57.99
1414 57.99
1415 58.01
1416 58.00
1417 57.99
1418 58.00
1419 58.00
1420 58.02
1421 58.00
1422 57.99
1423 57.99
1424 58.00
1425 58.01
1426 58.02
1427 58.00
1428 57.99
1429 58.02
1430 58.01
1431 58.00
1432 57.98
1433 57.99
1434 58.03
1435 58.02
1436 58.02
1437 58.02
1438 58.02
1439 58.02
1440 58.02
1441 58.02
1442 58.01
1443 58.04
1444 58.02
1445 57.99
1446 58.02
1447 58.02
1448 58.02
1449 58.01
1450 58.00
1451 58.02
1452 58.04
1453 58.00
1454 58.01
1455 58.01
1456 58.02
1457 58.02
1458 58.04
1459 58.05
1460 58.03
1461 58.03
1462 58.04
1463 58.02
1464 58.04
1465 58.04
1466 58.01
1467 58.02
1468 58.04
1469 58.05
1470 58.03
1471 58.03
1472 58.02
1473 58.04
1474 58.03
1475 58.04
1476 58.02
1477 58.03
1478 58.04
1479 58.04
1480 58.04
1481 58.02
1482 58.04
1483 58.04
1484 58.05
1485 58.04
1486 58.05
1487 58.04
1488 58.05
1489 58.02
1490 58.05
1491 58.05
1492 58.06
1493 58.04
1494 58.06
1495 58.03
1496 58.06
1497 58.05
1498 58.05
1499 58.03
1500 58.05
1501 58.06
1502 58.04
1503 58.04
1504 58.05
1505 58.03
1506 58.05
1507 58.06
1508 58.06
1509 58.06
1510 58.05
1511 58.04
1512 58.05
1513 58.04
1514 58.06
1515 58.07
1516 58.06
1517 58.04
1518 58.06
1519 58.08
1520 58.06
1521 58.08
1522 58.07
1523 58.06
1524 58.06
1525 58.06
1526 58.08
1527 58.06
1528 58.06
1529 58.07
1530 58.07
1531 58.07
1532 58.06
1533 58.06
1534 58.07
1535 58.08
1536 58.06
1537 58.08
1538 58.07
1539 58.06
1540 58.05
1541 58.05
1542 58.06
1543 58.06
1544 58.08
1545 58.08
1546 58.08
1547 58.06
1548 58.08
1549 58.07
1550 58.08
1551 58.08
1552 58.08
1553 58.06
1554 58.08
1555 58.08
1556 58.07
1557 58.07
1558 58.06
1559 58.07
1560 58.07
1561 58.06
1562 58.07
1563 58.08
1564 58.08
1565 58.06
1566 58.09
1567 58.05
1568 58.09
1569 58.07
1570 58.09
1571 58.08
1572 58.09
1573 58.07
1574 58.06
1575 58.08
1576 58.08
1577 58.09
1578 58.08
1579 58.07
1580 58.08
1581 58.08
1582 58.06
1583 58.10
1584 58.08
1585 58.08
1586 58.07
1587 58.08
1588 58.08
1589 58.09
1590 58.08
1591 58.07
1592 58.08
1593 58.08
1594 58.10
1595 58.08
1596 58.08
1597 58.08
1598 58.07
1599 58.09
1600 58.08
1601 58.08
1602 58.09
1603 58.08
1604 58.08
1605 58.07
1606 58.08
1607 58.09
1608 58.10
1609 58.08
1610 58.08
1611 58.10
1612 58.08
1613 58.09
1614 58.06
1615 58.10
1616 58.08
1617 58.08
1618 58.09
1619 58.09
1620 58.09
1621 58.08
1622 58.08
1623 58.10
1624 58.08
1625 58.09
1626 58.10
1627 58.08
1628 58.10
1629 58.09
1630 58.09
1631 58.08
1632 58.08
1633 58.08
1634 58.09
1635 58.09
1636 58.08
1637 58.08
1638 58.09
1639 58.08
1640 58.09
1641 58.10
1642 58.10
1643 58.10
1644 58.08
1645 58.09
1646 58.09
1647 58.09
1648 58.09
1649 58.10
1650 58.09
1651 58.09
1652 58.10
1653 58.10
1654 58.09
1655 58.10
1656 58.08
1657 58.08
1658 58.10
1659 58.09
1660 58.09
1661 58.10
1662 58.10
1663 58.10
1664 58.10
1665 58.10
1666 58.10
1667 58.10
1668 58.09
1669 58.10
1670 58.08
1671 58.10
1672 58.10
1673 58.09
1674 58.10
1675 58.10
1676 58.10
1677 58.09
1678 58.10
1679 58.10
1680 58.10
1681 58.10
1682 58.10
1683 58.09
1684 58.10
1685 58.10
1686 58.10
1687 58.08
1688 58.10
1689 58.10
1690 58.10
1691 58.09
1692 58.10
1693 58.10
1694 58.10
1695 58.10
1696 58.09
1697 58.10
1698 58.10
1699 58.10
1700 58.10
1701 58.10
1702 58.09
1703 58.09
1704 58.10
1705 58.10
1706 58.10
1707 58.10
1708 58.10
1709 58.10
1710 58.09
1711 58.10
1712 58.09
1713 58.10
1714 58.09
1715 58.10
1716 58.10
1717 58.10
1718 58.10
1719 58.09
1720 58.09
1721 58.10
1722 58.10
1723 58.10
1724 58.10
1725 58.09
1726 58.10
1727 58.09
1728 58.10
1729 58.10
1730 58.10
1731 58.10
1732 58.10
1733 58.09
1734 58.10
1735 58.09
1736 58.10
1737 58.09
1738 58.09
1739 58.09
1740 58.09
1741 58.10
1742 58.10
1743 58.10
1744 58.10
1745 58.10
1746 58.10
1747 58.10
1748 58.10
1749 58.10
1750 58.10
1751 58.10
1752 58.10
1753 58.10
1754 58.09
1755 58.10
1756 58.10
1757 58.10
1758 58.10
1759 58.10
1760 58.10
1761 58.09
1762 58.10
1763 58.10
1764 58.10
1765 58.10
1766 58.10
1767 58.10
1768 58.10
1769 58.10
1770 58.10
1771 58.10
1772 58.10
1773 58.10
1774 58.10
1775 58.09
1776 58.10
1777 58.10
1778 58.10
1779 58.10
1780 58.10
1781 58.10
1782 58.09
1783 58.10
1784 58.10
1785 58.10
1786 58.10
1787 58.10
1788 58.10
1789 58.10
1790 58.10
1791 58.10
1792 58.10
1793 58.10
1794 58.10
1795 58.10
1796 58.10
1797 58.09
1798 58.10
1799 58.10
1800 58.10
1801 58.10
1802 58.10
1803 58.10
1804 58.10
1805 58.10
1806 58.10
1807 58.10
1808 58.10
1809 58.10
1810 58.10
1811 58.10
1812 58.10
1813 58.10
1814 58.10
1815 58.10
1816 58.10
1817 58.10
1818 58.10
1819 58.10
1820 58.10
1821 58.10
1822 58.10
1823 58.10
1824 58.10
1825 58.10
1826 58.10
1827 58.10
1828 58.10
1829 58.10
1830 58.10
1831 58.10
1832 58.10
1833 58.10
1834 58.10
1835 58.10
1836 58.10
1837 58.10
1838 58.10
1839 58.10
1840 58.10
1841 58.10
1842 58.10
1843 58.10
1844 58.10
1845 58.10
1846 58.10
1847 58.10
1848 58.10
1849 58.10
1850 58.10
1851 58.10
1852 58.10
1853 58.10
1854 58.10
1855 58.10
1856 58.10
1857 58.10
1858 58.10
1859 58.10
1860 58.10
1861 58.10
1862 58.10
1863 58.10
1864 58.10
1865 58.10
1866 58.10
1867 58.10
1868 58.10
1869 58.10
1870 58.10
1871 58.10
1872 58.10
1873 58.10
1874 58.10
1875 58.10
1876 58.10
1877 58.10
1878 58.10
1879 58.10
1880 58.10
1881 58.10
1882 58.11
1883 58.10
1884 58.10
1885 58.10
1886 58.10
1887 58.10
1888 58.10
1889 58.10
1890 58.10
1891 58.10
1892 58.10
1893 58.10
1894 58.10
1895 58.10
1896 58.10
1897 58.10
1898 58.11
1899 58.10
1900 58.10
1901 58.10
1902 58.10
1903 58.10
1904 58.10
1905 58.10
1906 58.10
1907 58.10
1908 58.10
1909 58.10
1910 58.10
1911 58.10
1912 58.10
1913 58.10
1914 58.10
1915 58.10
1916 58.10
1917 58.10
1918 58.10
1919 58.10
1920 58.10
1921 58.10
1922 58.10
1923 58.10
1924 58.10
1925 58.10
1926 58.10
1927 58.10
1928 58.10
1929 58.10
1930 58.10
1931 58.10
1932 58.10
1933 58.11
1934 58.10
1935 58.10
1936 58.10
1937 58.10
1938 58.10
1939 58.10
1940 58.10
1941 58.10
1942 58.10
1943 58.10
1944 58.10
1945 58.10
1946 58.10
1947 58.10
1948 58.10
1949 58.10
1950 58.10
1951 58.10
1952 58.10
1953 58.10
1954 58.10
1955 58.10
1956 58.10
1957 58.10
1958 58.10
1959 58.10
1960 58.10
1961 58.10
1962 58.11
1963 58.10
1964 58.11
1965 58.10
1966 58.10
1967 58.10
1968 58.10
1969 58.10
1970 58.10
1971 58.10
1972 58.10
1973 58.11
1974 58.10
1975 58.10
1976 58.11
1977 58.10
1978 58.10
1979 58.10
1980 58.11
1981 58.11
1982 58.10
1983 58.10
1984 58.10
1985 58.10
1986 58.10
1987 58.10
1988 58.10
1989 58.11
1990 58.10
1991 58.10
1992 58.10
1993 58.10
1994 58.10
1995 58.11
1996 58.10
1997 58.10
1998 58.10
1999 58.10
2000 58.10
2001 58.10
2002 58.10
2003 58.10
2004 58.10
2005 58.10
2006 58.11
2007 58.11
2008 58.10
2009 58.11
2010 58.11
2011 58.10
2012 58.11
2013 58.10
2014 58.10
2015 58.10
2016 58.10
2017 58.10
2018 58.10
2019 58.10
2020 58.10
2021 58.10
2022 58.10
2023 58.10
2024 58.10
2025 58.10
2026 58.10
2027 58.10
2028 58.10
2029 58.10
2030 58.11
2031 58.11
2032 58.10
2033 58.10
2034 58.10
2035 58.10
2036 58.11
2037 58.11
2038 58.11
2039 58.10
2040 58.11
2041 58.11
2042 58.10
2043 58.11
2044 58.11
2045 58.09
2046 57.84
2047 57.62
2048 57.59
2049 57.37
2050 57.31
2051 57.12
2052 56.80
2053 56.49
2054 56.23
2055 55.85
2056 55.41
2057 54.70
2058 54.03
2059 53.32
2060 52.52
2061 51.79
2062 51.06
2063 50.20
2064 49.41
2065 48.69
2066 47.98
2067 47.28
2068 46.57
2069 45.86
2070 45.18
2071 44.48
2072 43.82
2073 43.29
2074 42.73
2075 42.15
2076 41.68
2077 41.20
2078 40.67
2079 40.09
2080 39.59
2081 38.98
2082 38.48
2083 37.96
2084 37.36
2085 36.89
2086 36.36
2087 35.85
2088 35.45
2089 35.05
2090 34.63
2091 34.19
2092 33.76
2093 33.40
2094 33.08
2095 32.64
2096 32.32
2097 31.97
2098 31.53
2099 31.29
2100 30.89
2101 30.64
2102 30.29
2103 29.99
2104 29.70
2105 29.35
2106 29.11
2107 28.83
2108 28.46
2109 28.16
2110 27.81
2111 27.55
2112 27.19
2113 26.94
2114 26.71
2115 26.50
2116 26.27
2117 25.92
2118 25.64
2119 25.42
2120 25.20
2121 24.98
2122 24.74
2123 24.55
2124 24.35
2125 24.14
2126 23.93
2127 23.71
2128 23.54
2129 23.30
2130 23.09
2131 22.86
2132 22.73
2133 22.61
2134 22.44
2135 22.24
2136 22.13
2137 21.99
2138 21.80
2139 21.59
2140 21.51
2141 21.35
2142 21.17
2143 20.97
2144 20.83
2145 20.72
2146 20.54
2147 20.33
2148 20.14
2149 20.01
2150 19.82
2151 19.67
2152 19.49
2153 19.31
2154 19.21
2155 19.07
2156 18.87
2157 18.69
2158 18.58
2159 18.44
2160 18.24
2161 18.11
2162 18.02
2163 17.86
2164 17.81
2165 17.62
2166 17.56
2167 17.41
2168 17.26
2169 17.17
2170 17.00
2171 16.87
2172 16.78
2173 16.60
2174 16.53
2175 16.38
2176 16.18
2177 16.12
2178 15.97
2179 15.80
2180 15.74
2181 15.58
2182 15.55
2183 15.41
2184 15.35
2185 15.26
2186 15.15
2187 15.09
2188 14.95
2189 14.85
2190 14.73
2191 14.57
2192 14.54
2193 14.41
2194 14.34
2195 14.22
2196 14.13
2197 14.03
2198 13.93
2199 13.88
2200 13.72
2201 13.72
2202 13.71
2203 13.54
2204 13.52
2205 13.39
2206 13.31
2207 13.14
2208 13.12
2209 13.10
2210 13.02
2211 12.91
2212 12.91
2213 12.82
2214 12.71
2215 12.70
2216 12.54
2217 12.51
2218 12.32
2219 12.30
2220 12.14
2221 12.09
2222 11.92
2223 11.91
2224 11.74
2225 11.69
2226 11.52
2227 11.50
2228 11.37
2229 11.31
2230 11.26
2231 11.11
2232 11.06
2233 10.94
2234 10.90
2235 10.89
2236 10.82
2237 10.75
2238 10.70
2239 10.69
2240 10.57
2241 10.54
2242 10.52
2243 10.50
2244 10.50
2245 10.46
2246 10.31
2247 10.31
2248 10.24
2249 10.14
2250 10.11
2251 10.01
2252 9.92
2253 9.90
2254 9.88
2255 9.78
2256 9.71
2257 9.71
2258 9.70
2259 9.62
2260 9.53
2261 9.50
2262 9.47
2263 9.38
2264 9.34
2265 9.31
2266 9.30
2267 9.29
2268 9.18
2269 9.11
2270 9.07
2271 8.93
2272 8.91
2273 8.76
2274 8.72
2275 8.69
2276 8.58
2277 8.54
2278 8.52
2279 8.50
2280 8.47
2281 8.42
2282 8.41
2283 8.40
2284 8.37
2285 8.34
2286 8.36
2287 8.32
2288 8.32
2289 8.21
2290 8.14
2291 8.14
2292 8.13
2293 8.13
2294 8.07
2295 7.95
2296 7.93
2297 7.87
2298 7.76
2299 7.73
2300 7.72
2301 7.66
2302 7.56
2303 7.54
2304 7.52
2305 7.44
2306 7.37
2307 7.35
2308 7.35
2309 7.37
2310 7.34
