1 5.39
2 5.39
3 5.78
4 6.17
5 6.63
6 6.99
7 7.57
8 8.92
9 11.05
10 13.95
11 17.42
12 20.51
13 22.85
14 24.83
15 26.38
16 28.00
17 29.49
18 30.85
19 32.20
20 33.30
21 34.43
22 35.77
23 37.00
24 38.13
25 39.16
26 40.08
27 40.92
28 41.67
29 42.22
30 42.61
31 42.81
32 42.73
33 42.59
34 42.25
35 41.79
36 41.23
37 40.74
38 40.59
39 40.98
40 41.46
41 42.35
42 43.08
43 44.00
44 44.76
45 45.53
46 46.30
47 47.04
48 47.59
49 48.23
50 48.72
51 49.29
52 49.72
53 50.14
54 50.59
55 50.85
56 51.26
57 51.53
58 51.77
59 51.98
60 52.14
61 52.28
62 52.52
63 52.65
64 52.76
65 52.87
66 52.99
67 53.04
68 53.21
69 53.23
70 53.28
71 53.40
72 53.47
73 53.49
74 53.52
75 53.63
76 53.69
77 53.72
78 53.72
79 53.73
80 53.79
81 53.88
82 53.95
83 53.95
84 53.96
85 53.98
86 54.03
87 54.04
88 54.11
89 54.19
90 54.20
91 54.20
92 54.20
93 54.21
94 54.21
95 54.24
96 54.28
97 54.34
98 54.40
99 54.42
100 54.43
101 54.44
102 54.45
103 54.44
104 54.44
105 54.48
106 54.51
107 54.56
108 54.60
109 54.65
110 54.67
111 54.68
112 54.68
113 54.68
114 54.68
115 54.69
116 54.72
117 54.75
118 54.75
119 54.83
120 54.85
121 54.86
122 54.89
123 54.92
124 54.93
125 54.93
126 54.93
127 54.93
128 54.93
129 54.93
130 54.95
131 54.95
132 55.01
133 55.03
134 55.06
135 55.09
136 55.14
137 55.14
138 55.16
139 55.17
140 55.17
141 55.17
142 55.17
143 55.17
144 55.17
145 55.19
146 55.20
147 55.19
148 55.22
149 55.25
150 55.26
151 55.32
152 55.32
153 55.33
154 55.38
155 55.40
156 55.41
157 55.39
158 55.40
159 55.41
160 55.41
161 55.41
162 55.42
163 55.42
164 55.41
165 55.42
166 55.42
167 55.43
168 55.42
169 55.46
170 55.49
171 55.47
172 55.50
173 55.54
174 55.59
175 55.57
176 55.62
177 55.59
178 55.62
179 55.63
180 55.63
181 55.65
182 55.65
183 55.65
184 55.66
185 55.66
186 55.66
187 55.66
188 55.66
189 55.66
190 55.66
191 55.66
192 55.66
193 55.66
194 55.66
195 55.69
196 55.67
197 55.69
198 55.69
199 55.72
200 55.74
201 55.72
202 55.77
203 55.78
204 55.77
205 55.83
206 55.83
207 55.80
208 55.81
209 55.85
210 55.86
211 55.87
212 55.88
213 55.85
214 55.88
215 55.89
216 55.89
217 55.90
218 55.90
219 55.90
220 55.90
221 55.90
222 55.90
223 55.90
224 55.90
225 55.90
226 55.90
227 55.90
228 55.90
229 55.90
230 55.92
231 55.93
232 55.91
233 55.92
234 55.92
235 55.93
236 55.94
237 55.92
238 55.93
239 55.97
240 55.96
241 56.00
242 55.96
243 56.01
244 56.01
245 56.04
246 56.05
247 56.05
248 56.07
249 56.07
250 56.06
251 56.09
252 56.09
253 56.11
254 56.09
255 56.11
256 56.13
257 56.12
258 56.12
259 56.13
260 56.13
261 56.14
262 56.14
263 56.14
264 56.14
265 56.14
266 56.14
267 56.14
268 56.13
269 56.14
270 56.14
271 56.14
272 56.15
273 56.15
274 56.14
275 56.14
276 56.14
277 56.14
278 56.14
279 56.15
280 56.14
281 56.16
282 56.15
283 56.15
284 56.15
285 56.14
286 56.16
287 56.15
288 56.18
289 56.15
290 56.17
291 56.18
292 56.17
293 56.17
294 56.19
295 56.19
296 56.19
297 56.23
298 56.21
299 56.21
300 56.23
301 56.25
302 56.25
303 56.24
304 56.28
305 56.27
306 56.29
307 56.30
308 56.29
309 56.32
310 56.34
311 56.28
312 56.30
313 56.35
314 56.31
315 56.33
316 56.34
317 56.36
318 56.36
319 56.36
320 56.36
321 56.37
322 56.37
323 56.36
324 56.37
325 56.37
326 56.38
327 56.37
328 56.38
329 56.38
330 56.38
331 56.38
332 56.38
333 56.38
334 56.38
335 56.39
336 56.39
337 56.39
338 56.39
339 56.39
340 56.39
341 56.39
342 56.39
343 56.39
344 56.39
345 56.39
346 56.38
347 56.39
348 56.39
349 56.39
350 56.39
351 56.39
352 56.39
353 56.39
354 56.39
355 56.39
356 56.39
357 56.39
358 56.39
359 56.39
360 56.39
361 56.39
362 56.39
363 56.39
364 56.41
365 56.41
366 56.41
367 56.41
368 56.41
369 56.41
370 56.41
371 56.43
372 56.42
373 56.44
374 56.43
375 56.42
376 56.44
377 56.42
378 56.44
379 56.43
380 56.45
381 56.45
382 56.47
383 56.46
384 56.45
385 56.47
386 56.48
387 56.48
388 56.49
389 56.51
390 56.48
391 56.51
392 56.48
393 56.51
394 56.49
395 56.52
396 56.53
397 56.51
398 56.55
399 56.52
400 56.56
401 56.55
402 56.57
403 56.53
404 56.54
405 56.57
406 56.59
407 56.59
408 56.56
409 56.56
410 56.60
411 56.60
412 56.59
413 56.59
414 56.57
415 56.60
416 56.61
417 56.60
418 56.58
419 56.60
420 56.62
421 56.62
422 56.62
423 56.61
424 56.63
425 56.62
426 56.63
427 56.60
428 56.60
429 56.61
430 56.62
431 56.62
432 56.62
433 56.63
434 56.62
435 56.62
436 56.62
437 56.63
438 56.62
439 56.63
440 56.63
441 56.63
442 56.63
443 56.62
444 56.63
445 56.63
446 56.63
447 56.63
448 56.63
449 56.63
450 56.63
451 56.63
452 56.63
453 56.63
454 56.63
455 56.63
456 56.63
457 56.63
458 56.63
459 56.64
460 56.63
461 56.63
462 56.63
463 56.64
464 56.63
465 56.63
466 56.63
467 56.64
468 56.64
469 56.63
470 56.63
471 56.63
472 56.64
473 56.63
474 56.63
475 56.63
476 56.64
477 56.64
478 56.63
479 56.63
480 56.63
481 56.65
482 56.64
483 56.64
484 56.63
485 56.64
486 56.63
487 56.64
488 56.66
489 56.64
490 56.64
491 56.65
492 56.64
493 56.65
494 56.65
495 56.65
496 56.64
497 56.66
498 56.65
499 56.65
500 56.66
501 56.67
502 56.67
503 56.67
504 56.67
505 56.67
506 56.68
507 56.70
508 56.68
509 56.68
510 56.67
511 56.68
512 56.68
513 56.68
514 56.70
515 56.70
516 56.70
517 56.68
518 56.71
519 56.69
520 56.72
521 56.72
522 56.71
523 56.68
524 56.74
525 56.69
526 56.72
527 56.73
528 56.74
529 56.75
530 56.75
531 56.75
532 56.73
533 56.77
534 56.73
535 56.74
536 56.75
537 56.76
538 56.75
539 56.78
540 56.80
541 56.78
542 56.77
543 56.80
544 56.78
545 56.79
546 56.78
547 56.81
548 56.78
549 56.80
550 56.80
551 56.82
552 56.81
553 56.82
554 56.85
555 56.82
556 56.80
557 56.84
558 56.82
559 56.81
560 56.83
561 56.83
562 56.84
563 56.85
564 56.84
565 56.85
566 56.84
567 56.86
568 56.83
569 56.85
570 56.86
571 56.85
572 56.84
573 56.86
574 56.86
575 56.85
576 56.84
577 56.86
578 56.86
579 56.87
580 56.86
581 56.85
582 56.86
583 56.86
584 56.85
585 56.86
586 56.85
587 56.87
588 56.87
589 56.87
590 56.87
591 56.87
592 56.87
593 56.86
594 56.87
595 56.85
596 56.87
597 56.87
598 56.87
599 56.87
600 56.87
601 56.87
602 56.87
603 56.87
604 56.87
605 56.87
606 56.87
607 56.87
608 56.87
609 56.87
610 56.88
611 56.87
612 56.87
613 56.87
614 56.87
615 56.87
616 56.87
617 56.87
618 56.87
619 56.86
620 56.87
621 56.87
622 56.87
623 56.87
624 56.87
625 56.87
626 56.87
627 56.87
628 56.87
629 56.88
630 56.87
631 56.88
632 56.87
633 56.89
634 56.87
635 56.87
636 56.89
637 56.87
638 56.87
639 56.87
640 56.88
641 56.87
642 56.89
643 56.89
644 56.87
645 56.88
646 56.87
647 56.88
648 56.87
649 56.89
650 56.88
651 56.88
652 56.89
653 56.88
654 56.88
655 56.88
656 56.88
657 56.88
658 56.87
659 56.87
660 56.88
661 56.89
662 56.88
663 56.89
664 56.89
665 56.88
666 56.89
667 56.88
668 56.89
669 56.91
670 56.89
671 56.90
672 56.89
673 56.88
674 56.88
675 56.90
676 56.89
677 56.91
678 56.89
679 56.89
680 56.94
681 56.89
682 56.90
683 56.89
684 56.90
685 56.93
686 56.91
687 56.92
688 56.93
689 56.91
690 56.91
691 56.91
692 56.91
693 56.92
694 56.92
695 56.95
696 56.92
697 56.95
698 56.94
699 56.94
700 56.91
701 56.93
702 56.95
703 56.94
704 56.94
705 56.96
706 56.93
707 56.94
708 56.97
709 56.94
710 56.98
711 56.97
712 56.96
713 56.97
714 56.96
715 56.98
716 56.96
717 56.99
718 56.99
719 56.98
720 56.98
721 56.98
722 56.99
723 56.98
724 57.00
725 56.99
726 57.02
727 57.01
728 57.00
729 56.99
730 57.03
731 57.04
732 57.01
733 57.01
734 57.03
735 57.05
736 57.05
737 57.06
738 57.02
739 57.00
740 57.04
741 57.04
742 57.01
743 57.04
744 57.04
745 57.08
746 57.06
747 57.05
748 57.05
749 57.06
750 57.05
751 57.03
752 57.05
753 57.06
754 57.07
755 57.05
756 57.08
757 57.05
758 57.07
759 57.06
760 57.08
761 57.08
762 57.08
763 57.08
764 57.07
765 57.06
766 57.09
767 57.08
768 57.10
769 57.10
770 57.09
771 57.07
772 57.07
773 57.08
774 57.09
775 57.08
776 57.09
777 57.10
778 57.08
779 57.09
780 57.09
781 57.10
782 57.12
783 57.08
784 57.11
785 57.12
786 57.10
787 57.12
788 57.12
789 57.11
790 57.11
791 57.11
792 57.10
793 57.10
794 57.10
795 57.12
796 57.10
797 57.12
798 57.11
799 57.11
800 57.11
801 57.10
802 57.11
803 57.10
804 57.11
805 57.12
806 57.12
807 57.12
808 57.11
809 57.11
810 57.12
811 57.11
812 57.12
813 57.12
814 57.12
815 57.12
816 57.12
817 57.11
818 57.11
819 57.12
820 57.12
821 57.12
822 57.12
823 57.12
824 57.12
825 57.12
826 57.12
827 57.12
828 57.12
829 57.12
830 57.12
831 57.12
832 57.12
833 57.12
834 57.12
835 57.12
836 57.12
837 57.12
838 57.12
839 57.12
840 57.12
841 57.12
842 57.12
843 57.12
844 57.12
845 57.12
846 57.12
847 57.12
848 57.12
849 57.12
850 57.12
851 57.12
852 57.12
853 57.12
854 57.12
855 57.13
856 57.12
857 57.13
858 57.12
859 57.12
860 57.12
861 57.12
862 57.12
863 57.12
864 57.12
865 57.12
866 57.12
867 57.13
868 57.12
869 57.12
870 57.12
871 57.12
872 57.13
873 57.13
874 57.13
875 57.13
876 57.12
877 57.12
878 57.12
879 57.12
880 57.12
881 57.12
882 57.13
883 57.13
884 57.12
885 57.13
886 57.13
887 57.13
888 57.13
889 57.13
890 57.13
891 57.12
892 57.13
893 57.13
894 57.13
895 57.12
896 57.12
897 57.13
898 57.13
899 57.13
900 57.13
901 57.13
902 57.13
903 57.13
904 57.14
905 57.14
906 57.12
907 57.13
908 57.13
909 57.13
910 57.14
911 57.14
912 57.14
913 57.14
914 57.14
915 57.15
916 57.14
917 57.13
918 57.13
919 57.14
920 57.14
921 57.15
922 57.14
923 57.12
924 57.15
925 57.17
926 57.16
927 57.15
928 57.15
929 57.18
930 57.15
931 57.17
932 57.15
933 57.16
934 57.18
935 57.14
936 57.17
937 57.17
938 57.19
939 57.17
940 57.17
941 57.18
942 57.20
943 57.16
944 57.19
945 57.16
946 57.16
947 57.18
948 57.15
949 57.17
950 57.17
951 57.19
952 57.18
953 57.15
954 57.19
955 57.18
956 57.22
957 57.21
958 57.23
959 57.21
960 57.22
961 57.20
962 57.17
963 57.19
964 57.19
965 57.22
966 57.21
967 57.22
968 57.19
969 57.20
970 57.20
971 57.19
972 57.24
973 57.19
974 57.22
975 57.24
976 57.24
977 57.24
978 57.22
979 57.26
980 57.22
981 57.26
982 57.27
983 57.24
984 57.27
985 57.25
986 57.24
987 57.26
988 57.28
989 57.25
990 57.30
991 57.26
992 57.26
993 57.25
994 57.24
995 57.23
996 57.27
997 57.30
998 57.26
999 57.28
1000 57.29
1001 57.29
1002 57.28
1003 57.30
1004 57.27
1005 57.28
1006 57.28
1007 57.31
1008 57.30
1009 57.31
1010 57.31
1011 57.30
1012 57.29
1013 57.31
1014 57.32
1015 57.29
1016 57.29
1017 57.30
1018 57.31
1019 57.30
1020 57.32
1021 57.31
1022 57.29
1023 57.32
1024 57.32
1025 57.31
1026 57.31
1027 57.30
1028 57.30
1029 57.31
1030 57.32
1031 57.31
1032 57.32
1033 57.34
1034 57.34
1035 57.34
1036 57.33
1037 57.32
1038 57.34
1039 57.32
1040 57.34
1041 57.32
1042 57.32
1043 57.35
1044 57.34
1045 57.32
1046 57.31
1047 57.33
1048 57.34
1049 57.34
1050 57.35
1051 57.32
1052 57.33
1053 57.36
1054 57.34
1055 57.34
1056 57.34
1057 57.35
1058 57.33
1059 57.36
1060 57.35
1061 57.34
1062 57.36
1063 57.35
1064 57.34
1065 57.35
1066 57.36
1067 57.35
1068 57.36
1069 57.36
1070 57.35
1071 57.36
1072 57.36
1073 57.36
1074 57.36
1075 57.36
1076 57.36
1077 57.36
1078 57.34
1079 57.36
1080 57.36
1081 57.36
1082 57.36
1083 57.36
1084 57.36
1085 57.36
1086 57.36
1087 57.36
1088 57.36
1089 57.36
1090 57.36
1091 57.36
1092 57.36
1093 57.36
1094 57.36
1095 57.36
1096 57.36
1097 57.36
1098 57.36
1099 57.36
1100 57.36
1101 57.36
1102 57.36
1103 57.36
1104 57.36
1105 57.36
1106 57.36
1107 57.36
1108 57.36
1109 57.36
1110 57.36
1111 57.36
1112 57.36
1113 57.36
1114 57.36
1115 57.36
1116 57.37
1117 57.36
1118 57.36
1119 57.36
1120 57.36
1121 57.36
1122 57.36
1123 57.36
1124 57.36
1125 57.37
1126 57.36
1127 57.36
1128 57.37
1129 57.36
1130 57.36
1131 57.36
1132 57.36
1133 57.36
1134 57.36
1135 57.36
1136 57.37
1137 57.36
1138 57.36
1139 57.36
1140 57.36
1141 57.36
1142 57.36
1143 57.36
1144 57.36
1145 57.37
1146 57.36
1147 57.36
1148 57.36
1149 57.36
1150 57.36
1151 57.37
1152 57.38
1153 57.37
1154 57.37
1155 57.36
1156 57.36
1157 57.36
1158 57.36
1159 57.36
1160 57.36
1161 57.36
1162 57.36
1163 57.37
1164 57.36
1165 57.36
1166 57.37
1167 57.37
1168 57.37
1169 57.36
1170 57.36
1171 57.36
1172 57.37
1173 57.37
1174 57.36
1175 57.37
1176 57.36
1177 57.36
1178 57.38
1179 57.37
1180 57.37
1181 57.37
1182 57.36
1183 57.37
1184 57.36
1185 57.36
1186 57.36
1187 57.37
1188 57.37
1189 57.37
1190 57.37
1191 57.38
1192 57.38
1193 57.38
1194 57.37
1195 57.38
1196 57.38
1197 57.36
1198 57.38
1199 57.37
1200 57.38
1201 57.37
1202 57.37
1203 57.37
1204 57.37
1205 57.37
1206 57.38
1207 57.37
1208 57.38
1209 57.39
1210 57.37
1211 57.36
1212 57.38
1213 57.39
1214 57.41
1215 57.38
1216 57.37
1217 57.38
1218 57.37
1219 57.39
1220 57.38
1221 57.39
1222 57.38
1223 57.37
1224 57.39
1225 57.41
1226 57.38
1227 57.39
1228 57.38
1229 57.38
1230 57.38
1231 57.39
1232 57.39
1233 57.40
1234 57.39
1235 57.39
1236 57.40
1237 57.40
1238 57.42
1239 57.41
1240 57.40
1241 57.40
1242 57.39
1243 57.39
1244 57.40
1245 57.40
1246 57.40
1247 57.40
1248 57.42
1249 57.42
1250 57.41
1251 57.43
1252 57.40
1253 57.40
1254 57.40
1255 57.43
1256 57.41
1257 57.42
1258 57.41
1259 57.42
1260 57.42
1261 57.40
1262 57.42
1263 57.45
1264 57.41
1265 57.46
1266 57.43
1267 57.41
1268 57.43
1269 57.45
1270 57.41
1271 57.43
1272 57.44
1273 57.41
1274 57.45
1275 57.45
1276 57.46
1277 57.45
1278 57.45
1279 57.43
1280 57.45
1281 57.42
1282 57.44
1283 57.45
1284 57.46
1285 57.45
1286 57.44
1287 57.46
1288 57.47
1289 57.46
1290 57.45
1291 57.46
1292 57.47
1293 57.48
1294 57.45
1295 57.44
1296 57.45
1297 57.46
1298 57.46
1299 57.46
1300 57.48
1301 57.46
1302 57.50
1303 57.49
1304 57.46
1305 57.47
1306 57.50
1307 57.49
1308 57.46
1309 57.46
1310 57.52
1311 57.49
1312 57.50
1313 57.47
1314 57.52
1315 57.52
1316 57.50
1317 57.51
1318 57.52
1319 57.51
1320 57.50
1321 57.52
1322 57.49
1323 57.50
1324 57.52
1325 57.53
1326 57.50
1327 57.50
1328 57.51
1329 57.49
1330 57.55
1331 57.52
1332 57.54
1333 57.50
1334 57.54
1335 57.53
1336 57.52
1337 57.53
1338 57.54
1339 57.54
1340 57.53
1341 57.55
1342 57.52
1343 57.52
1344 57.53
1345 57.54
1346 57.53
1347 57.54
1348 57.56
1349 57.54
1350 57.56
1351 57.57
1352 57.55
1353 57.57
1354 57.55
1355 57.56
1356 57.55
1357 57.56
1358 57.58
1359 57.57
1360 57.55
1361 57.56
1362 57.55
1363 57.55
1364 57.57
1365 57.57
1366 57.57
1367 57.56
1368 57.57
1369 57.57
1370 57.57
1371 57.57
1372 57.58
1373 57.59
1374 57.60
1375 57.59
1376 57.57
1377 57.58
1378 57.57
1379 57.57
1380 57.57
1381 57.57
1382 57.59
1383 57.59
1384 57.58
1385 57.58
1386 57.58
1387 57.60
1388 57.60
1389 57.59
1390 57.58
1391 57.58
1392 57.59
1393 57.59
1394 57.59
1395 57.58
1396 57.59
1397 57.58
1398 57.60
1399 57.60
1400 57.60
1401 57.59
1402 57.58
1403 57.59
1404 57.59
1405 57.60
1406 57.60
1407 57.58
1408 57.59
1409 57.59
1410 57.58
1411 57.60
1412 57.59
1413 57.60
1414 57.59
1415 57.59
1416 57.58
1417 57.60
1418 57.59
1419 57.59
1420 57.60
1421 57.59
1422 57.59
1423 57.59
1424 57.60
1425 57.59
1426 57.60
1427 57.60
1428 57.60
1429 57.60
1430 57.60
1431 57.60
1432 57.60
1433 57.60
1434 57.60
1435 57.60
1436 57.60
1437 57.59
1438 57.61
1439 57.60
1440 57.61
1441 57.60
1442 57.60
1443 57.60
1444 57.61
1445 57.60
1446 57.61
1447 57.61
1448 57.61
1449 57.60
1450 57.61
1451 57.61
1452 57.61
1453 57.61
1454 57.60
1455 57.61
1456 57.60
1457 57.61
1458 57.60
1459 57.60
1460 57.60
1461 57.61
1462 57.59
1463 57.61
1464 57.61
1465 57.61
1466 57.61
1467 57.61
1468 57.60
1469 57.60
1470 57.60
1471 57.60
1472 57.60
1473 57.61
1474 57.61
1475 57.61
1476 57.61
1477 57.60
1478 57.60
1479 57.61
1480 57.61
1481 57.61
1482 57.61
1483 57.60
1484 57.61
1485 57.61
1486 57.60
1487 57.60
1488 57.61
1489 57.61
1490 57.61
1491 57.61
1492 57.60
1493 57.61
1494 57.61
1495 57.61
1496 57.61
1497 57.61
1498 57.61
1499 57.61
1500 57.61
1501 57.61
1502 57.60
1503 57.61
1504 57.61
1505 57.61
1506 57.60
1507 57.60
1508 57.61
1509 57.60
1510 57.61
1511 57.61
1512 57.61
1513 57.60
1514 57.61
1515 57.61
1516 57.60
1517 57.61
1518 57.61
1519 57.60
1520 57.60
1521 57.61
1522 57.60
1523 57.61
1524 57.61
1525 57.60
1526 57.61
1527 57.60
1528 57.61
1529 57.61
1530 57.61
1531 57.61
1532 57.61
1533 57.61
1534 57.61
1535 57.61
1536 57.61
1537 57.60
1538 57.61
1539 57.61
1540 57.60
1541 57.61
1542 57.61
1543 57.60
1544 57.60
1545 57.61
1546 57.61
1547 57.61
1548 57.61
1549 57.60
1550 57.61
1551 57.61
1552 57.61
1553 57.61
1554 57.60
1555 57.60
1556 57.61
1557 57.61
1558 57.61
1559 57.61
1560 57.60
1561 57.61
1562 57.61
1563 57.61
1564 57.61
1565 57.61
1566 57.61
1567 57.61
1568 57.60
1569 57.61
1570 57.61
1571 57.61
1572 57.61
1573 57.61
1574 57.61
1575 57.61
1576 57.61
1577 57.61
1578 57.61
1579 57.61
1580 57.62
1581 57.61
1582 57.61
1583 57.61
1584 57.61
1585 57.61
1586 57.61
1587 57.61
1588 57.61
1589 57.61
1590 57.61
1591 57.61
1592 57.61
1593 57.61
1594 57.61
1595 57.61
1596 57.61
1597 57.61
1598 57.61
1599 57.62
1600 57.60
1601 57.61
1602 57.61
1603 57.61
1604 57.62
1605 57.63
1606 57.61
1607 57.61
1608 57.61
1609 57.61
1610 57.62
1611 57.61
1612 57.62
1613 57.62
1614 57.61
1615 57.62
1616 57.62
1617 57.61
1618 57.61
1619 57.61
1620 57.61
1621 57.61
1622 57.62
1623 57.61
1624 57.62
1625 57.61
1626 57.62
1627 57.62
1628 57.62
1629 57.62
1630 57.62
1631 57.61
1632 57.62
1633 57.62
1634 57.62
1635 57.63
1636 57.62
1637 57.61
1638 57.61
1639 57.61
1640 57.62
1641 57.62
1642 57.61
1643 57.63
1644 57.61
1645 57.62
1646 57.62
1647 57.62
1648 57.63
1649 57.64
1650 57.64
1651 57.62
1652 57.63
1653 57.62
1654 57.62
1655 57.61
1656 57.62
1657 57.62
1658 57.63
1659 57.62
1660 57.63
1661 57.63
1662 57.64
1663 57.63
1664 57.63
1665 57.64
1666 57.63
1667 57.64
1668 57.65
1669 57.66
1670 57.62
1671 57.63
1672 57.62
1673 57.64
1674 57.64
1675 57.64
1676 57.64
1677 57.62
1678 57.62
1679 57.64
1680 57.62
1681 57.63
1682 57.64
1683 57.65
1684 57.63
1685 57.65
1686 57.66
1687 57.67
1688 57.68
1689 57.64
1690 57.67
1691 57.64
1692 57.63
1693 57.67
1694 57.66
1695 57.64
1696 57.66
1697 57.65
1698 57.66
1699 57.65
1700 57.67
1701 57.66
1702 57.66
1703 57.67
1704 57.66
1705 57.67
1706 57.65
1707 57.67
1708 57.69
1709 57.68
1710 57.68
1711 57.67
1712 57.67
1713 57.68
1714 57.69
1715 57.69
1716 57.67
1717 57.69
1718 57.71
1719 57.69
1720 57.69
1721 57.69
1722 57.69
1723 57.72
1724 57.70
1725 57.67
1726 57.68
1727 57.73
1728 57.69
1729 57.71
1730 57.72
1731 57.69
1732 57.71
1733 57.71
1734 57.71
1735 57.70
1736 57.69
1737 57.71
1738 57.73
1739 57.71
1740 57.72
1741 57.71
1742 57.72
1743 57.69
1744 57.71
1745 57.74
1746 57.73
1747 57.73
1748 57.73
1749 57.74
1750 57.74
1751 57.72
1752 57.73
1753 57.67
1754 57.60
1755 57.37
1756 57.31
1757 57.12
1758 56.97
1759 56.87
1760 56.77
1761 56.63
1762 56.60
1763 56.46
1764 56.39
1765 56.37
1766 56.22
1767 56.14
1768 56.05
1769 55.90
1770 55.78
1771 55.62
1772 55.36
1773 54.88
1774 54.32
1775 53.63
1776 52.75
1777 51.79
1778 50.83
1779 49.92
1780 49.18
1781 48.45
1782 47.77
1783 47.13
1784 46.54
1785 45.87
1786 45.36
1787 44.73
1788 44.23
1789 43.76
1790 43.27
1791 42.84
1792 42.38
1793 41.96
1794 41.67
1795 41.23
1796 40.80
1797 40.50
1798 40.08
1799 39.82
1800 39.39
1801 39.12
1802 38.71
1803 38.41
1804 38.03
1805 37.74
1806 37.35
1807 37.09
1808 36.67
1809 36.31
1810 35.99
1811 35.61
1812 35.31
1813 34.96
1814 34.64
1815 34.42
1816 34.05
1817 33.75
1818 33.46
1819 33.09
1820 32.86
1821 32.57
1822 32.21
1823 31.97
1824 31.74
1825 31.48
1826 31.20
1827 30.89
1828 30.65
1829 30.42
1830 30.13
1831 29.79
1832 29.55
1833 29.33
1834 29.07
1835 28.75
1836 28.48
1837 28.24
1838 28.02
1839 27.79
1840 27.54
1841 27.28
1842 27.01
1843 26.74
1844 26.51
1845 26.29
1846 26.07
1847 25.86
1848 25.66
1849 25.44
1850 25.27
1851 25.11
1852 24.88
1853 24.70
1854 24.55
1855 24.34
1856 24.14
1857 23.93
1858 23.72
1859 23.52
1860 23.33
1861 23.18
1862 22.99
1863 22.85
1864 22.65
1865 22.44
1866 22.24
1867 22.07
1868 21.97
1869 21.80
1870 21.59
1871 21.43
1872 21.31
1873 21.16
1874 20.96
1875 20.78
1876 20.65
1877 20.53
1878 20.33
1879 20.14
1880 20.04
1881 19.91
1882 19.78
1883 19.69
1884 19.49
1885 19.32
1886 19.23
1887 19.07
1888 18.92
1889 18.86
1890 18.66
1891 18.61
1892 18.44
1893 18.32
1894 18.24
1895 18.05
1896 18.00
1897 17.83
1898 17.76
1899 17.62
1900 17.43
1901 17.30
1902 17.21
1903 17.13
1904 17.00
1905 16.88
1906 16.79
1907 16.66
1908 16.58
1909 16.49
1910 16.38
1911 16.34
1912 16.18
1913 16.08
1914 15.97
1915 15.92
1916 15.77
1917 15.73
1918 15.56
1919 15.43
1920 15.35
1921 15.30
1922 15.16
1923 15.10
1924 14.95
1925 14.89
1926 14.75
1927 14.69
1928 14.55
1929 14.52
1930 14.37
1931 14.33
1932 14.19
1933 14.13
1934 14.13
1935 14.08
1936 13.94
1937 13.92
1938 13.79
1939 13.74
1940 13.72
1941 13.56
1942 13.52
1943 13.49
1944 13.39
1945 13.32
1946 13.32
1947 13.28
1948 13.24
1949 13.14
1950 13.11
1951 13.04
1952 12.92
1953 12.91
1954 12.91
1955 12.89
1956 12.88
1957 12.85
1958 12.77
1959 12.72
1960 12.69
