1 11.32
2 11.48
3 11.52
4 11.69
5 11.83
6 12.01
7 12.51
8 13.11
9 13.83
10 14.63
11 15.21
12 15.58
13 15.97
14 16.59
15 17.81
16 19.58
17 21.79
18 23.69
19 25.43
20 26.94
21 28.29
22 29.68
23 30.99
24 32.41
25 33.74
26 34.99
27 36.18
28 37.32
29 38.27
30 39.28
31 40.12
32 41.00
33 41.69
34 42.38
35 43.03
36 43.55
37 44.12
38 44.61
39 45.06
40 45.41
41 45.87
42 46.12
43 46.37
44 46.81
45 47.10
46 47.55
47 47.80
48 47.98
49 47.99
50 47.97
51 47.76
52 47.69
53 47.52
54 47.48
55 47.29
56 47.28
57 47.06
58 47.04
59 47.04
60 46.91
61 46.83
62 46.83
63 46.81
64 46.81
65 46.81
66 46.82
67 46.84
68 46.92
69 46.97
70 47.04
71 47.04
72 47.06
73 47.15
74 47.24
75 47.28
76 47.32
77 47.50
78 47.52
79 47.57
80 47.73
81 47.76
82 47.85
83 47.98
84 48.00
85 48.14
86 48.23
87 48.28
88 48.45
89 48.48
90 48.62
91 48.70
92 48.73
93 48.91
94 48.94
95 49.01
96 49.17
97 49.19
98 49.38
99 49.42
100 49.46
101 49.64
102 49.66
103 49.76
104 49.88
105 49.89
106 50.04
107 50.12
108 50.14
109 50.28
110 50.37
111 50.40
112 50.56
113 50.60
114 50.65
115 50.77
116 50.83
117 50.86
118 50.98
119 51.07
120 51.08
121 51.17
122 51.30
123 51.32
124 51.38
125 51.53
126 51.54
127 51.56
128 51.66
129 51.78
130 51.79
131 51.83
132 51.99
133 52.03
134 52.04
135 52.09
136 52.21
137 52.27
138 52.28
139 52.32
140 52.48
141 52.50
142 52.51
143 52.53
144 52.63
145 52.72
146 52.75
147 52.76
148 52.83
149 52.93
150 52.98
151 52.99
152 53.00
153 53.07
154 53.17
155 53.23
156 53.23
157 53.23
158 53.30
159 53.38
160 53.46
161 53.47
162 53.48
163 53.49
164 53.57
165 53.67
166 53.71
167 53.72
168 53.72
169 53.74
170 53.77
171 53.92
172 53.94
173 53.96
174 53.95
175 53.97
176 54.02
177 54.09
178 54.17
179 54.19
180 54.19
181 54.20
182 54.21
183 54.24
184 54.28
185 54.32
186 54.42
187 54.43
188 54.44
189 54.45
190 54.44
191 54.47
192 54.53
193 54.57
194 54.62
195 54.66
196 54.68
197 54.68
198 54.69
199 54.69
200 54.73
201 54.75
202 54.82
203 54.88
204 54.90
205 54.92
206 54.93
207 54.93
208 54.93
209 54.94
210 54.97
211 55.01
212 55.07
213 55.13
214 55.16
215 55.15
216 55.17
217 55.17
218 55.17
219 55.19
220 55.19
221 55.22
222 55.26
223 55.27
224 55.35
225 55.36
226 55.39
227 55.40
228 55.40
229 55.41
230 55.41
231 55.42
232 55.42
233 55.44
234 55.46
235 55.51
236 55.56
237 55.58
238 55.63
239 55.64
240 55.64
241 55.65
242 55.65
243 55.66
244 55.66
245 55.66
246 55.68
247 55.67
248 55.70
249 55.72
250 55.76
251 55.76
252 55.81
253 55.86
254 55.87
255 55.89
256 55.90
257 55.90
258 55.90
259 55.90
260 55.90
261 55.91
262 55.90
263 55.92
264 55.92
265 55.94
266 55.97
267 55.98
268 56.02
269 56.07
270 56.10
271 56.09
272 56.13
273 56.13
274 56.13
275 56.14
276 56.14
277 56.14
278 56.14
279 56.15
280 56.15
281 56.15
282 56.15
283 56.15
284 56.17
285 56.20
286 56.23
287 56.23
288 56.25
289 56.26
290 56.31
291 56.31
292 56.32
293 56.35
294 56.34
295 56.37
296 56.37
297 56.37
298 56.38
299 56.38
300 56.39
301 56.39
302 56.39
303 56.39
304 56.39
305 56.40
306 56.39
307 56.40
308 56.41
309 56.42
310 56.40
311 56.41
312 56.44
313 56.48
314 56.49
315 56.48
316 56.53
317 56.54
318 56.55
319 56.57
320 56.57
321 56.58
322 56.60
323 56.59
324 56.62
325 56.62
326 56.62
327 56.62
328 56.63
329 56.63
330 56.63
331 56.62
332 56.63
333 56.63
334 56.63
335 56.63
336 56.64
337 56.63
338 56.63
339 56.63
340 56.64
341 56.64
342 56.64
343 56.63
344 56.65
345 56.66
346 56.65
347 56.69
348 56.68
349 56.68
350 56.69
351 56.71
352 56.75
353 56.76
354 56.78
355 56.79
356 56.77
357 56.81
358 56.80
359 56.80
360 56.81
361 56.84
362 56.84
363 56.85
364 56.85
365 56.86
366 56.87
367 56.87
368 56.86
369 56.87
370 56.86
371 56.87
372 56.87
373 56.87
374 56.87
375 56.87
376 56.87
377 56.87
378 56.87
379 56.88
380 56.87
381 56.87
382 56.88
383 56.87
384 56.88
385 56.89
386 56.87
387 56.89
388 56.89
389 56.87
390 56.89
391 56.90
392 56.89
393 56.90
394 56.89
395 56.91
396 56.91
397 56.91
398 56.93
399 56.94
400 56.94
401 56.93
402 56.94
403 56.97
404 57.01
405 56.98
406 56.99
407 56.98
408 57.01
409 56.99
410 57.03
411 57.01
412 57.05
413 57.01
414 57.06
415 57.04
416 57.06
417 57.08
418 57.09
419 57.08
420 57.08
421 57.08
422 57.10
423 57.09
424 57.11
425 57.10
426 57.11
427 57.11
428 57.11
429 57.12
430 57.11
431 57.11
432 57.11
433 57.12
434 57.12
435 57.12
436 57.12
437 57.12
438 57.12
439 57.12
440 57.12
441 57.12
442 57.12
443 57.12
444 57.12
445 57.12
446 57.12
447 57.13
448 57.12
449 57.12
450 57.12
451 57.13
452 57.12
453 57.12
454 57.12
455 57.13
456 57.12
457 57.12
458 57.12
459 57.12
460 57.12
461 57.13
462 57.12
463 57.13
464 57.14
465 57.13
466 57.12
467 57.13
468 57.15
469 57.15
470 57.15
471 57.14
472 57.17
473 57.14
474 57.17
475 57.15
476 57.15
477 57.16
478 57.19
479 57.19
480 57.14
481 57.20
482 57.19
483 57.17
484 57.17
485 57.19
486 57.18
487 57.19
488 57.18
489 57.19
490 57.23
491 57.22
492 57.20
493 57.21
494 57.25
495 57.22
496 57.23
497 57.29
498 57.25
499 57.24
500 57.25
501 57.26
502 57.28
503 57.27
504 57.27
505 57.31
506 57.29
507 57.31
508 57.28
509 57.30
510 57.31
511 57.29
512 57.31
513 57.31
514 57.29
515 57.32
516 57.34
517 57.30
518 57.31
519 57.32
520 57.33
521 57.33
522 57.32
523 57.32
524 57.34
525 57.34
526 57.34
527 57.34
528 57.34
529 57.33
530 57.36
531 57.34
532 57.36
533 57.36
534 57.34
535 57.35
536 57.36
537 57.36
538 57.35
539 57.35
540 57.35
541 57.36
542 57.36
543 57.36
544 57.36
545 57.36
546 57.36
547 57.36
548 57.35
549 57.36
550 57.36
551 57.36
552 57.36
553 57.36
554 57.36
555 57.36
556 57.36
557 57.36
558 57.36
559 57.36
560 57.36
561 57.37
562 57.36
563 57.37
564 57.36
565 57.36
566 57.36
567 57.36
568 57.36
569 57.36
570 57.36
571 57.37
572 57.36
573 57.36
574 57.36
575 57.36
576 57.36
577 57.36
578 57.36
579 57.36
580 57.37
581 57.36
582 57.37
583 57.36
584 57.37
585 57.37
586 57.36
587 57.37
588 57.36
589 57.36
590 57.37
591 57.38
592 57.36
593 57.37
594 57.37
595 57.37
596 57.37
597 57.38
598 57.37
599 57.37
600 57.36
601 57.37
602 57.38
603 57.36
604 57.38
605 57.36
606 57.38
607 57.38
608 57.38
609 57.38
610 57.37
611 57.37
612 57.39
613 57.36
614 57.39
615 57.38
616 57.38
617 57.39
618 57.39
619 57.38
620 57.38
621 57.38
622 57.39
623 57.39
624 57.38
625 57.39
626 57.41
627 57.37
628 57.38
629 57.38
630 57.39
631 57.39
632 57.39
633 57.39
634 57.38
635 57.41
636 57.41
637 57.42
638 57.39
639 57.42
640 57.40
641 57.43
642 57.43
643 57.40
644 57.40
645 57.40
646 57.42
647 57.43
648 57.42
649 57.42
650 57.42
651 57.42
652 57.39
653 57.42
654 57.43
655 57.44
656 57.42
657 57.44
658 57.44
659 57.43
660 57.44
661 57.45
662 57.47
663 57.49
664 57.46
665 57.46
666 57.48
667 57.44
668 57.48
669 57.45
670 57.46
671 57.46
672 57.46
673 57.45
674 57.48
675 57.46
676 57.47
677 57.49
678 57.45
679 57.48
680 57.48
681 57.48
682 57.48
683 57.47
684 57.49
685 57.50
686 57.50
687 57.48
688 57.50
689 57.52
690 57.48
691 57.52
692 57.53
693 57.48
694 57.49
695 57.52
696 57.48
697 57.53
698 57.49
699 57.53
700 57.53
701 57.51
702 57.52
703 57.52
704 57.52
705 57.52
706 57.53
707 57.53
708 57.52
709 57.50
710 57.53
711 57.53
712 57.52
713 57.55
714 57.54
715 57.57
716 57.54
717 57.57
718 57.55
719 57.55
720 57.56
721 57.55
722 57.55
723 57.58
724 57.57
725 57.58
726 57.57
727 57.57
728 57.57
729 57.57
730 57.57
731 57.57
732 57.57
733 57.58
734 57.57
735 57.57
736 57.59
737 57.57
738 57.59
739 57.57
740 57.57
741 57.58
742 57.57
743 57.59
744 57.58
745 57.60
746 57.59
747 57.58
748 57.59
749 57.59
750 57.58
751 57.58
752 57.58
753 57.59
754 57.59
755 57.58
756 57.57
757 57.60
758 57.59
759 57.59
760 57.57
761 57.59
762 57.58
763 57.60
764 57.59
765 57.60
766 57.58
767 57.60
768 57.59
769 57.59
770 57.58
771 57.59
772 57.59
773 57.60
774 57.60
775 57.59
776 57.59
777 57.60
778 57.60
779 57.60
780 57.59
781 57.60
782 57.60
783 57.60
784 57.60
785 57.60
786 57.60
787 57.61
788 57.60
789 57.59
790 57.60
791 57.60
792 57.60
793 57.60
794 57.61
795 57.60
796 57.60
797 57.60
798 57.61
799 57.59
800 57.61
801 57.61
802 57.60
803 57.60
804 57.61
805 57.60
806 57.60
807 57.61
808 57.60
809 57.60
810 57.60
811 57.60
812 57.60
813 57.60
814 57.60
815 57.59
816 57.60
817 57.60
818 57.60
819 57.61
820 57.59
821 57.61
822 57.61
823 57.60
824 57.60
825 57.61
826 57.60
827 57.60
828 57.61
829 57.61
830 57.60
831 57.60
832 57.60
833 57.60
834 57.61
835 57.60
836 57.61
837 57.60
838 57.61
839 57.61
840 57.61
841 57.61
842 57.60
843 57.61
844 57.60
845 57.61
846 57.60
847 57.61
848 57.61
849 57.60
850 57.61
851 57.61
852 57.60
853 57.61
854 57.60
855 57.61
856 57.61
857 57.60
858 57.60
859 57.60
860 57.61
861 57.60
862 57.61
863 57.61
864 57.61
865 57.61
866 57.61
867 57.61
868 57.61
869 57.61
870 57.61
871 57.61
872 57.61
873 57.61
874 57.61
875 57.61
876 57.61
877 57.61
878 57.61
879 57.61
880 57.62
881 57.61
882 57.61
883 57.61
884 57.61
885 57.61
886 57.61
887 57.61
888 57.61
889 57.61
890 57.61
891 57.61
892 57.61
893 57.62
894 57.61
895 57.61
896 57.61
897 57.62
898 57.61
899 57.61
900 57.61
901 57.61
902 57.61
903 57.61
904 57.61
905 57.61
906 57.61
907 57.61
908 57.62
909 57.61
910 57.61
911 57.61
912 57.61
913 57.62
914 57.61
915 57.61
916 57.61
917 57.61
918 57.61
919 57.61
920 57.61
921 57.61
922 57.61
923 57.61
924 57.61
925 57.62
926 57.62
927 57.61
928 57.63
929 57.61
930 57.61
931 57.61
932 57.62
933 57.61
934 57.61
935 57.61
936 57.61
937 57.61
938 57.62
939 57.62
940 57.61
941 57.62
942 57.62
943 57.61
944 57.61
945 57.62
946 57.61
947 57.62
948 57.61
949 57.61
950 57.61
951 57.61
952 57.63
953 57.62
954 57.62
955 57.61
956 57.62
957 57.61
958 57.61
959 57.61
960 57.61
961 57.62
962 57.61
963 57.62
964 57.61
965 57.61
966 57.62
967 57.61
968 57.62
969 57.62
970 57.61
971 57.62
972 57.61
973 57.62
974 57.62
975 57.61
976 57.62
977 57.62
978 57.63
979 57.61
980 57.62
981 57.64
982 57.62
983 57.61
984 57.62
985 57.61
986 57.62
987 57.61
988 57.62
989 57.62
990 57.62
991 57.62
992 57.62
993 57.62
994 57.61
995 57.63
996 57.63
997 57.61
998 57.61
999 57.64
1000 57.62
1001 57.62
1002 57.63
1003 57.63
1004 57.62
1005 57.63
1006 57.63
1007 57.63
1008 57.63
1009 57.64
1010 57.64
1011 57.63
1012 57.63
1013 57.62
1014 57.63
1015 57.63
1016 57.63
1017 57.63
1018 57.62
1019 57.62
1020 57.62
1021 57.62
1022 57.64
1023 57.63
1024 57.64
1025 57.64
1026 57.63
1027 57.64
1028 57.62
1029 57.65
1030 57.64
1031 57.63
1032 57.61
1033 57.66
1034 57.64
1035 57.63
1036 57.66
1037 57.63
1038 57.64
1039 57.64
1040 57.63
1041 57.62
1042 57.65
1043 57.64
1044 57.66
1045 57.65
1046 57.64
1047 57.67
1048 57.64
1049 57.65
1050 57.65
1051 57.64
1052 57.65
1053 57.65
1054 57.65
1055 57.64
1056 57.64
1057 57.63
1058 57.65
1059 57.65
1060 57.66
1061 57.66
1062 57.65
1063 57.64
1064 57.64
1065 57.66
1066 57.64
1067 57.65
1068 57.66
1069 57.63
1070 57.66
1071 57.64
1072 57.64
1073 57.65
1074 57.67
1075 57.68
1076 57.66
1077 57.67
1078 57.66
1079 57.67
1080 57.67
1081 57.67
1082 57.67
1083 57.64
1084 57.67
1085 57.65
1086 57.67
1087 57.66
1088 57.66
1089 57.67
1090 57.67
1091 57.66
1092 57.67
1093 57.65
1094 57.67
1095 57.67
1096 57.67
1097 57.67
1098 57.65
1099 57.67
1100 57.67
1101 57.71
1102 57.67
1103 57.67
1104 57.70
1105 57.66
1106 57.71
1107 57.67
1108 57.67
1109 57.69
1110 57.67
1111 57.68
1112 57.69
1113 57.70
1114 57.69
1115 57.69
1116 57.69
1117 57.69
1118 57.73
1119 57.71
1120 57.69
1121 57.72
1122 57.68
1123 57.71
1124 57.69
1125 57.67
1126 57.67
1127 57.69
1128 57.67
1129 57.67
1130 57.71
1131 57.68
1132 57.72
1133 57.70
1134 57.71
1135 57.67
1136 57.71
1137 57.71
1138 57.69
1139 57.72
1140 57.74
1141 57.71
1142 57.73
1143 57.69
1144 57.68
1145 57.72
1146 57.69
1147 57.70
1148 57.71
1149 57.74
1150 57.72
1151 57.71
1152 57.69
1153 57.71
1154 57.73
1155 57.70
1156 57.73
1157 57.70
1158 57.70
1159 57.70
1160 57.73
1161 57.72
1162 57.71
1163 57.73
1164 57.72
1165 57.71
1166 57.74
1167 57.71
1168 57.76
1169 57.71
1170 57.73
1171 57.75
1172 57.74
1173 57.74
1174 57.74
1175 57.75
1176 57.77
1177 57.73
1178 57.74
1179 57.72
1180 57.73
1181 57.76
1182 57.73
1183 57.74
1184 57.74
1185 57.76
1186 57.73
1187 57.74
1188 57.74
1189 57.74
1190 57.72
1191 57.73
1192 57.76
1193 57.75
1194 57.74
1195 57.72
1196 57.72
1197 57.75
1198 57.74
1199 57.73
1200 57.74
1201 57.74
1202 57.77
1203 57.78
1204 57.76
1205 57.77
1206 57.76
1207 57.76
1208 57.76
1209 57.77
1210 57.79
1211 57.78
1212 57.74
1213 57.77
1214 57.76
1215 57.77
1216 57.75
1217 57.77
1218 57.79
1219 57.78
1220 57.78
1221 57.77
1222 57.77
1223 57.78
1224 57.77
1225 57.79
1226 57.79
1227 57.78
1228 57.76
1229 57.77
1230 57.77
1231 57.76
1232 57.79
1233 57.78
1234 57.76
1235 57.79
1236 57.79
1237 57.78
1238 57.77
1239 57.78
1240 57.78
1241 57.81
1242 57.78
1243 57.78
1244 57.80
1245 57.81
1246 57.81
1247 57.78
1248 57.80
1249 57.77
1250 57.77
1251 57.76
1252 57.81
1253 57.80
1254 57.81
1255 57.79
1256 57.76
1257 57.78
1258 57.78
1259 57.80
1260 57.79
1261 57.79
1262 57.78
1263 57.80
1264 57.81
1265 57.80
1266 57.80
1267 57.78
1268 57.81
1269 57.81
1270 57.82
1271 57.79
1272 57.84
1273 57.81
1274 57.79
1275 57.82
1276 57.80
1277 57.81
1278 57.81
1279 57.81
1280 57.82
1281 57.81
1282 57.79
1283 57.78
1284 57.82
1285 57.81
1286 57.82
1287 57.80
1288 57.79
1289 57.80
1290 57.81
1291 57.79
1292 57.82
1293 57.82
1294 57.81
1295 57.82
1296 57.79
1297 57.82
1298 57.81
1299 57.82
1300 57.82
1301 57.82
1302 57.81
1303 57.84
1304 57.83
1305 57.82
1306 57.81
1307 57.81
1308 57.82
1309 57.82
1310 57.83
1311 57.81
1312 57.81
1313 57.83
1314 57.80
1315 57.83
1316 57.83
1317 57.82
1318 57.83
1319 57.82
1320 57.82
1321 57.81
1322 57.80
1323 57.83
1324 57.81
1325 57.84
1326 57.83
1327 57.82
1328 57.84
1329 57.82
1330 57.83
1331 57.82
1332 57.84
1333 57.83
1334 57.83
1335 57.83
1336 57.82
1337 57.82
1338 57.82
1339 57.83
1340 57.83
1341 57.83
1342 57.82
1343 57.82
1344 57.80
1345 57.84
1346 57.83
1347 57.83
1348 57.83
1349 57.83
1350 57.84
1351 57.82
1352 57.83
1353 57.84
1354 57.81
1355 57.83
1356 57.83
1357 57.83
1358 57.84
1359 57.84
1360 57.83
1361 57.85
1362 57.83
1363 57.82
1364 57.84
1365 57.83
1366 57.83
1367 57.84
1368 57.83
1369 57.84
1370 57.82
1371 57.83
1372 57.85
1373 57.83
1374 57.84
1375 57.83
1376 57.84
1377 57.83
1378 57.83
1379 57.83
1380 57.83
1381 57.84
1382 57.83
1383 57.85
1384 57.84
1385 57.82
1386 57.85
1387 57.83
1388 57.84
1389 57.84
1390 57.84
1391 57.85
1392 57.85
1393 57.83
1394 57.84
1395 57.84
1396 57.84
1397 57.84
1398 57.85
1399 57.85
1400 57.84
1401 57.85
1402 57.85
1403 57.84
1404 57.85
1405 57.84
1406 57.85
1407 57.84
1408 57.84
1409 57.84
1410 57.84
1411 57.85
1412 57.85
1413 57.85
1414 57.84
1415 57.84
1416 57.83
1417 57.85
1418 57.83
1419 57.85
1420 57.84
1421 57.83
1422 57.84
1423 57.85
1424 57.85
1425 57.84
1426 57.85
1427 57.84
1428 57.85
1429 57.85
1430 57.84
1431 57.85
1432 57.84
1433 57.84
1434 57.85
1435 57.85
1436 57.85
1437 57.85
1438 57.84
1439 57.83
1440 57.85
1441 57.85
1442 57.84
1443 57.84
1444 57.84
1445 57.84
1446 57.85
1447 57.85
1448 57.85
1449 57.85
1450 57.85
1451 57.84
1452 57.85
1453 57.85
1454 57.84
1455 57.85
1456 57.85
1457 57.85
1458 57.85
1459 57.85
1460 57.85
1461 57.85
1462 57.85
1463 57.84
1464 57.85
1465 57.85
1466 57.85
1467 57.85
1468 57.85
1469 57.85
1470 57.85
1471 57.85
1472 57.84
1473 57.84
1474 57.84
1475 57.85
1476 57.84
1477 57.85
1478 57.84
1479 57.85
1480 57.85
1481 57.85
1482 57.85
1483 57.85
1484 57.85
1485 57.85
1486 57.85
1487 57.85
1488 57.85
1489 57.85
1490 57.85
1491 57.85
1492 57.85
1493 57.84
1494 57.85
1495 57.84
1496 57.84
1497 57.85
1498 57.85
1499 57.85
1500 57.85
1501 57.85
1502 57.85
1503 57.85
1504 57.85
1505 57.85
1506 57.85
1507 57.85
1508 57.85
1509 57.85
1510 57.85
1511 57.85
1512 57.85
1513 57.85
1514 57.85
1515 57.85
1516 57.85
1517 57.84
1518 57.85
1519 57.85
1520 57.85
1521 57.85
1522 57.85
1523 57.85
1524 57.85
1525 57.84
1526 57.85
1527 57.85
1528 57.85
1529 57.85
1530 57.85
1531 57.85
1532 57.85
1533 57.85
1534 57.85
1535 57.85
1536 57.85
1537 57.85
1538 57.85
1539 57.85
1540 57.85
1541 57.85
1542 57.85
1543 57.85
1544 57.85
1545 57.85
1546 57.85
1547 57.85
1548 57.85
1549 57.85
1550 57.85
1551 57.85
1552 57.85
1553 57.85
1554 57.85
1555 57.85
1556 57.85
1557 57.85
1558 57.85
1559 57.85
1560 57.85
1561 57.85
1562 57.85
1563 57.85
1564 57.86
1565 57.85
1566 57.85
1567 57.85
1568 57.85
1569 57.86
1570 57.85
1571 57.85
1572 57.85
1573 57.85
1574 57.85
1575 57.85
1576 57.85
1577 57.85
1578 57.85
1579 57.85
1580 57.85
1581 57.85
1582 57.86
1583 57.85
1584 57.85
1585 57.85
1586 57.85
1587 57.85
1588 57.85
1589 57.85
1590 57.85
1591 57.85
1592 57.85
1593 57.85
1594 57.86
1595 57.86
1596 57.86
1597 57.85
1598 57.85
1599 57.85
1600 57.86
1601 57.86
1602 57.85
1603 57.85
1604 57.85
1605 57.85
1606 57.85
1607 57.86
1608 57.86
1609 57.86
1610 57.85
1611 57.86
1612 57.85
1613 57.85
1614 57.85
1615 57.85
1616 57.85
1617 57.85
1618 57.85
1619 57.85
1620 57.86
1621 57.85
1622 57.85
1623 57.85
1624 57.85
1625 57.85
1626 57.85
1627 57.85
1628 57.86
1629 57.86
1630 57.86
1631 57.86
1632 57.85
1633 57.85
1634 57.85
1635 57.85
1636 57.85
1637 57.86
1638 57.86
1639 57.85
1640 57.85
1641 57.86
1642 57.86
1643 57.85
1644 57.86
1645 57.87
1646 57.86
1647 57.85
1648 57.86
1649 57.86
1650 57.86
1651 57.85
1652 57.86
1653 57.87
1654 57.85
1655 57.85
1656 57.87
1657 57.86
1658 57.86
1659 57.85
1660 57.86
1661 57.85
1662 57.86
1663 57.86
1664 57.86
1665 57.86
1666 57.86
1667 57.86
1668 57.86
1669 57.86
1670 57.86
1671 57.86
1672 57.86
1673 57.86
1674 57.86
1675 57.87
1676 57.85
1677 57.86
1678 57.85
1679 57.86
1680 57.87
1681 57.87
1682 57.86
1683 57.86
1684 57.87
1685 57.87
1686 57.85
1687 57.86
1688 57.85
1689 57.86
1690 57.86
1691 57.87
1692 57.85
1693 57.86
1694 57.87
1695 57.87
1696 57.86
1697 57.87
1698 57.85
1699 57.85
1700 57.86
1701 57.86
1702 57.86
1703 57.86
1704 57.87
1705 57.88
1706 57.87
1707 57.87
1708 57.87
1709 57.86
1710 57.86
1711 57.87
1712 57.86
1713 57.85
1714 57.86
1715 57.88
1716 57.87
1717 57.86
1718 57.87
1719 57.87
1720 57.86
1721 57.86
1722 57.85
1723 57.87
1724 57.88
1725 57.87
1726 57.87
1727 57.85
1728 57.87
1729 57.86
1730 57.86
1731 57.86
1732 57.88
1733 57.86
1734 57.87
1735 57.86
1736 57.87
1737 57.87
1738 57.88
1739 57.87
1740 57.86
1741 57.88
1742 57.87
1743 57.87
1744 57.87
1745 57.86
1746 57.87
1747 57.86
1748 57.88
1749 57.87
1750 57.88
1751 57.87
1752 57.89
1753 57.87
1754 57.88
1755 57.87
1756 57.85
1757 57.87
1758 57.86
1759 57.87
1760 57.89
1761 57.88
1762 57.87
1763 57.88
1764 57.88
1765 57.87
1766 57.88
1767 57.88
1768 57.91
1769 57.88
1770 57.90
1771 57.87
1772 57.89
1773 57.88
1774 57.90
1775 57.87
1776 57.88
1777 57.88
1778 57.90
1779 57.89
1780 57.88
1781 57.89
1782 57.90
1783 57.91
1784 57.88
1785 57.91
1786 57.90
1787 57.91
1788 57.88
1789 57.91
1790 57.90
1791 57.90
1792 57.89
1793 57.92
1794 57.90
1795 57.89
1796 57.90
1797 57.91
1798 57.89
1799 57.90
1800 57.89
1801 57.89
1802 57.91
1803 57.89
1804 57.90
1805 57.89
1806 57.90
1807 57.89
1808 57.90
1809 57.91
1810 57.88
1811 57.92
1812 57.90
1813 57.91
1814 57.92
1815 57.90
1816 57.92
1817 57.91
1818 57.90
1819 57.90
1820 57.90
1821 57.93
1822 57.92
1823 57.91
1824 57.88
1825 57.92
1826 57.90
1827 57.92
1828 57.90
1829 57.92
1830 57.92
1831 57.92
1832 57.95
1833 57.94
1834 57.92
1835 57.92
1836 57.93
1837 57.92
1838 57.92
1839 57.93
1840 57.92
1841 57.91
1842 57.93
1843 57.92
1844 57.92
1845 57.93
1846 57.92
1847 57.94
1848 57.90
1849 57.91
1850 57.91
1851 57.93
1852 57.90
1853 57.92
1854 57.90
1855 57.93
1856 57.92
1857 57.92
1858 57.92
1859 57.92
1860 57.92
1861 57.95
1862 57.95
1863 57.94
1864 57.94
1865 57.94
1866 57.93
1867 57.94
1868 57.94
1869 57.91
1870 57.93
1871 57.92
1872 57.90
1873 57.93
1874 57.96
1875 57.92
1876 57.93
1877 57.94
1878 57.93
1879 57.96
1880 57.94
1881 57.94
1882 57.94
1883 57.94
1884 57.96
1885 57.93
1886 57.96
1887 57.94
1888 57.96
1889 57.93
1890 57.92
1891 57.94
1892 57.94
1893 57.92
1894 57.97
1895 57.97
1896 57.94
1897 57.95
1898 57.94
1899 57.98
1900 57.98
1901 57.99
1902 57.96
1903 57.96
1904 57.99
1905 57.99
1906 57.98
1907 57.98
1908 57.96
1909 57.97
1910 57.98
1911 57.96
1912 57.99
1913 57.96
1914 57.99
1915 57.97
1916 57.98
1917 57.98
1918 58.02
1919 57.99
1920 57.98
1921 58.00
1922 57.97
1923 57.99
1924 57.96
1925 58.04
1926 57.98
1927 58.00
1928 57.97
1929 57.99
1930 57.99
1931 57.96
1932 57.99
1933 57.99
1934 58.00
1935 58.02
1936 57.99
1937 57.98
1938 57.97
1939 58.01
1940 57.98
1941 57.99
1942 58.02
1943 58.02
1944 57.98
1945 58.01
1946 58.01
1947 58.01
1948 58.01
1949 58.02
1950 58.01
1951 58.01
1952 58.01
1953 58.05
1954 58.05
1955 58.02
1956 58.02
1957 58.02
1958 58.03
1959 58.02
1960 58.02
1961 58.03
1962 58.02
1963 58.00
1964 58.03
1965 58.01
1966 58.03
1967 58.02
1968 58.00
1969 58.00
1970 58.01
1971 58.04
1972 58.02
1973 58.04
1974 58.01
1975 58.02
1976 58.05
1977 58.03
1978 58.02
1979 58.00
1980 58.04
1981 58.04
1982 58.01
1983 58.04
1984 58.04
1985 58.04
1986 58.02
1987 58.02
1988 58.04
1989 58.03
1990 58.03
1991 58.04
1992 58.04
1993 58.03
1994 58.05
1995 58.06
1996 58.05
1997 58.05
1998 58.03
1999 58.04
2000 58.04
2001 58.06
2002 58.05
2003 58.06
2004 58.04
2005 58.05
2006 58.04
2007 58.03
2008 58.04
2009 58.05
2010 58.05
2011 58.05
2012 58.04
2013 58.06
2014 58.04
2015 58.05
2016 58.06
2017 58.04
2018 58.06
2019 58.07
2020 58.06
2021 58.07
2022 58.04
2023 58.07
2024 58.05
2025 58.06
2026 58.04
2027 58.06
2028 58.08
2029 58.08
2030 58.07
2031 58.06
2032 58.06
2033 58.07
2034 58.05
2035 58.07
2036 58.06
2037 58.07
2038 58.05
2039 58.06
2040 58.07
2041 58.06
2042 58.05
2043 58.08
2044 58.07
2045 58.09
2046 58.08
2047 58.08
2048 58.07
2049 58.08
2050 58.06
2051 58.08
2052 58.08
2053 58.07
2054 58.08
2055 58.08
2056 58.08
2057 58.08
2058 58.07
2059 58.06
2060 58.07
2061 58.06
2062 58.08
2063 58.07
2064 58.06
2065 58.06
2066 58.08
2067 58.08
2068 58.08
2069 58.07
2070 58.08
2071 58.09
2072 58.07
2073 58.07
2074 58.09
2075 58.07
2076 58.08
2077 58.08
2078 58.08
2079 58.08
2080 58.09
2081 58.08
2082 58.06
2083 58.09
2084 58.09
2085 58.08
2086 58.09
2087 58.10
2088 58.08
2089 58.09
2090 58.09
2091 58.08
2092 58.06
2093 58.08
2094 58.09
2095 58.09
2096 58.08
2097 58.08
2098 58.09
2099 58.09
2100 58.08
2101 58.09
2102 58.08
2103 58.08
2104 58.09
2105 58.08
2106 58.10
2107 58.08
2108 58.10
2109 58.09
2110 58.08
2111 58.10
2112 58.09
2113 58.09
2114 58.09
2115 58.09
2116 58.09
2117 58.09
2118 58.09
2119 58.10
2120 58.09
2121 58.10
2122 58.09
2123 58.10
2124 58.10
2125 58.09
2126 58.10
2127 58.09
2128 58.08
2129 58.10
2130 58.10
2131 58.08
2132 58.09
2133 58.08
2134 58.10
2135 58.09
2136 58.10
2137 58.10
2138 58.10
2139 58.09
2140 58.09
2141 58.10
2142 58.10
2143 58.10
2144 58.10
2145 58.10
2146 58.09
2147 58.10
2148 58.10
2149 58.09
2150 58.10
2151 58.09
2152 58.09
2153 58.10
2154 58.10
2155 58.10
2156 58.10
2157 58.10
2158 58.09
2159 58.10
2160 58.10
2161 58.09
2162 58.08
2163 58.10
2164 58.10
2165 58.10
2166 58.10
2167 58.10
2168 58.10
2169 58.10
2170 58.10
2171 58.08
2172 58.10
2173 58.10
2174 58.10
2175 58.10
2176 58.10
2177 58.10
2178 58.09
2179 58.10
2180 58.10
2181 58.10
2182 58.10
2183 58.10
2184 58.10
2185 58.10
2186 58.10
2187 58.10
2188 58.09
2189 58.10
2190 58.10
2191 58.10
2192 58.10
2193 58.10
2194 58.10
2195 58.10
2196 58.10
2197 58.10
2198 58.10
2199 58.10
2200 58.10
2201 58.09
2202 58.10
2203 58.10
2204 58.10
2205 58.10
2206 58.10
2207 58.10
2208 58.09
2209 58.10
2210 58.10
2211 58.10
2212 58.10
2213 58.10
2214 58.09
2215 58.10
2216 58.10
2217 58.10
2218 58.10
2219 58.10
2220 58.10
2221 58.10
2222 58.10
2223 58.10
2224 58.10
2225 58.10
2226 58.10
2227 58.10
2228 58.10
2229 58.10
2230 58.10
2231 58.10
2232 58.10
2233 58.10
2234 58.10
2235 58.10
2236 58.10
2237 58.10
2238 58.10
2239 58.10
2240 58.10
2241 58.10
2242 58.10
2243 58.10
2244 58.10
2245 58.10
2246 58.10
2247 58.10
2248 58.10
2249 58.10
2250 58.10
2251 58.10
2252 58.10
2253 58.10
2254 58.10
2255 58.10
2256 58.10
2257 58.10
2258 58.10
2259 58.10
2260 58.10
2261 58.10
2262 58.10
2263 58.10
2264 58.10
2265 58.10
2266 58.10
2267 58.10
2268 58.10
2269 58.10
2270 58.10
2271 58.10
2272 58.10
2273 58.10
2274 58.10
2275 58.10
2276 58.11
2277 58.10
2278 58.10
2279 58.10
2280 58.10
2281 58.10
2282 58.10
2283 58.10
2284 58.10
2285 58.10
2286 58.10
2287 58.10
2288 58.10
2289 58.10
2290 58.10
2291 58.10
2292 58.10
2293 58.10
2294 58.10
2295 58.10
2296 58.10
2297 58.10
2298 58.10
2299 58.10
2300 58.10
2301 58.10
2302 58.10
2303 58.11
2304 58.10
2305 58.10
2306 58.10
2307 58.10
2308 58.10
2309 58.10
2310 58.10
2311 58.10
2312 58.10
2313 58.10
2314 58.10
2315 58.10
2316 58.10
2317 58.10
2318 58.10
2319 58.10
2320 58.10
2321 58.10
2322 58.10
2323 58.10
2324 58.10
2325 58.11
2326 58.11
2327 58.10
2328 58.10
2329 58.10
2330 58.10
2331 58.10
2332 58.10
2333 58.10
2334 58.10
2335 58.10
2336 58.10
2337 58.10
2338 58.11
2339 58.10
2340 58.10
2341 58.10
2342 58.10
2343 58.10
2344 58.10
2345 58.10
2346 58.10
2347 58.10
2348 58.10
2349 58.10
2350 58.10
2351 58.10
2352 58.10
2353 58.11
2354 58.10
2355 58.11
2356 58.10
2357 58.10
2358 58.11
2359 58.10
2360 58.10
2361 58.10
2362 58.11
2363 58.10
2364 58.10
2365 58.10
2366 58.10
2367 58.10
2368 58.10
2369 58.10
2370 58.10
2371 58.10
2372 58.10
2373 58.10
2374 58.11
2375 58.10
2376 58.11
2377 58.10
2378 58.10
2379 58.10
2380 58.11
2381 58.10
2382 58.11
2383 58.11
2384 58.10
2385 58.10
2386 58.11
2387 58.10
2388 58.10
2389 58.10
2390 58.10
2391 58.08
2392 57.95
2393 57.85
2394 57.65
2395 57.53
2396 57.36
2397 57.26
2398 57.12
2399 57.06
2400 56.91
2401 56.81
2402 56.63
2403 56.43
2404 56.38
2405 56.28
2406 56.14
2407 56.05
2408 55.91
2409 55.73
2410 55.62
2411 55.42
2412 55.23
2413 55.11
2414 54.70
2415 54.44
2416 54.11
2417 53.73
2418 53.46
2419 52.99
2420 52.50
2421 51.78
2422 51.07
2423 50.37
2424 49.67
2425 48.96
2426 48.35
2427 47.61
2428 46.97
2429 46.33
2430 45.64
2431 45.00
2432 44.46
2433 43.78
2434 43.17
2435 42.60
2436 41.93
2437 41.42
2438 40.76
2439 40.12
2440 39.62
2441 39.15
2442 38.55
2443 38.03
2444 37.56
2445 37.03
2446 36.51
2447 36.01
2448 35.54
2449 35.09
2450 34.62
2451 34.14
2452 33.70
2453 33.21
2454 32.79
2455 32.36
2456 31.94
2457 31.53
2458 31.08
2459 30.65
2460 30.22
2461 29.82
2462 29.46
2463 29.10
2464 28.69
2465 28.41
2466 28.01
2467 27.59
2468 27.29
2469 26.94
2470 26.56
2471 26.29
2472 25.89
2473 25.63
2474 25.23
2475 24.99
2476 24.61
2477 24.35
2478 24.11
2479 23.72
2480 23.50
2481 23.23
2482 22.88
2483 22.65
2484 22.42
2485 22.12
2486 21.80
2487 21.59
2488 21.36
2489 21.00
2490 20.75
2491 20.53
2492 20.30
2493 20.11
2494 19.87
2495 19.65
2496 19.41
2497 19.16
2498 18.94
2499 18.72
2500 18.51
2501 18.35
2502 18.20
2503 18.00
2504 17.82
2505 17.62
2506 17.42
2507 17.22
2508 17.07
2509 16.96
2510 16.77
2511 16.56
2512 16.37
2513 16.18
2514 16.07
2515 15.97
2516 15.77
2517 15.65
2518 15.51
2519 15.35
2520 15.15
2521 14.96
2522 14.82
2523 14.72
2524 14.54
2525 14.35
2526 14.29
2527 14.13
2528 13.97
2529 13.89
2530 13.73
2531 13.61
2532 13.52
2533 13.36
2534 13.31
2535 13.12
2536 13.04
2537 12.91
2538 12.79
2539 12.71
2540 12.57
2541 12.50
2542 12.32
2543 12.29
2544 12.14
2545 12.10
2546 11.94
2547 11.90
2548 11.80
2549 11.71
2550 11.65
2551 11.50
2552 11.43
2553 11.31
2554 11.18
2555 11.10
2556 11.02
2557 10.90
2558 10.84
2559 10.71
2560 10.63
2561 10.51
2562 10.46
2563 10.31
2564 10.30
2565 10.19
2566 10.11
2567 10.09
2568 9.95
2569 9.91
2570 9.88
2571 9.73
2572 9.71
2573 9.70
2574 9.62
2575 9.53
2576 9.50
2577 9.42
2578 9.32
2579 9.27
2580 9.14
2581 9.11
2582 9.01
2583 8.92
2584 8.91
2585 8.82
2586 8.72
2587 8.71
2588 8.60
2589 8.53
2590 8.50
2591 8.47
2592 8.36
2593 8.32
2594 8.32
2595 8.31
2596 8.19
2597 8.13
2598 8.12
2599 8.10
2600 8.08
