1 11.31
2 11.36
3 11.67
4 11.86
5 11.95
6 12.24
7 13.08
8 14.13
9 15.76
10 18.26
11 21.45
12 24.46
13 26.56
14 28.24
15 29.52
16 30.43
17 31.51
18 32.63
19 33.69
20 34.65
21 35.56
22 36.44
23 37.18
24 37.95
25 38.59
26 39.17
27 39.75
28 40.31
29 40.75
30 41.05
31 41.46
32 41.71
33 42.02
34 42.18
35 42.38
36 42.56
37 42.61
38 42.65
39 42.84
40 43.19
41 43.55
42 44.05
43 44.65
44 45.17
45 45.65
46 46.13
47 46.65
48 47.11
49 47.56
50 48.00
51 48.44
52 48.72
53 49.11
54 49.41
55 49.66
56 49.92
57 50.17
58 50.39
59 50.63
60 50.84
61 51.07
62 51.29
63 51.45
64 51.56
65 51.79
66 51.92
67 52.03
68 52.24
69 52.28
70 52.47
71 52.51
72 52.68
73 52.75
74 52.82
75 52.99
76 53.01
77 53.18
78 53.23
79 53.28
80 53.44
81 53.48
82 53.51
83 53.66
84 53.72
85 53.72
86 53.84
87 53.95
88 53.95
89 53.99
90 54.08
91 54.18
92 54.20
93 54.20
94 54.25
95 54.40
96 54.44
97 54.44
98 54.45
99 54.51
100 54.58
101 54.67
102 54.68
103 54.69
104 54.71
105 54.77
106 54.86
107 54.92
108 54.93
109 54.93
110 54.96
111 55.00
112 55.09
113 55.14
114 55.16
115 55.17
116 55.18
117 55.18
118 55.25
119 55.29
120 55.35
121 55.40
122 55.41
123 55.40
124 55.42
125 55.42
126 55.45
127 55.47
128 55.55
129 55.60
130 55.64
131 55.65
132 55.65
133 55.66
134 55.66
135 55.67
136 55.67
137 55.74
138 55.76
139 55.79
140 55.84
141 55.88
142 55.89
143 55.90
144 55.90
145 55.90
146 55.91
147 55.91
148 55.93
149 55.94
150 55.96
151 56.01
152 56.05
153 56.09
154 56.10
155 56.13
156 56.13
157 56.14
158 56.14
159 56.14
160 56.14
161 56.15
162 56.15
163 56.16
164 56.17
165 56.20
166 56.23
167 56.26
168 56.26
169 56.32
170 56.32
171 56.36
172 56.36
173 56.38
174 56.37
175 56.38
176 56.39
177 56.39
178 56.39
179 56.39
180 56.40
181 56.40
182 56.41
183 56.41
184 56.46
185 56.44
186 56.48
187 56.52
188 56.51
189 56.53
190 56.53
191 56.56
192 56.60
193 56.60
194 56.60
195 56.62
196 56.63
197 56.63
198 56.63
199 56.63
200 56.63
201 56.63
202 56.62
203 56.63
204 56.63
205 56.64
206 56.63
207 56.64
208 56.65
209 56.64
210 56.65
211 56.65
212 56.68
213 56.67
214 56.70
215 56.70
216 56.72
217 56.72
218 56.74
219 56.75
220 56.79
221 56.80
222 56.80
223 56.83
224 56.82
225 56.84
226 56.86
227 56.85
228 56.86
229 56.87
230 56.87
231 56.87
232 56.87
233 56.88
234 56.87
235 56.87
236 56.87
237 56.87
238 56.87
239 56.87
240 56.87
241 56.87
242 56.87
243 56.87
244 56.88
245 56.89
246 56.89
247 56.88
248 56.91
249 56.89
250 56.92
251 56.90
252 56.92
253 56.92
254 56.93
255 56.94
256 56.96
257 56.96
258 56.98
259 56.97
260 56.96
261 57.00
262 57.07
263 56.99
264 57.00
265 57.03
266 57.06
267 57.06
268 57.06
269 57.07
270 57.06
271 57.09
272 57.08
273 57.09
274 57.08
275 57.12
276 57.10
277 57.11
278 57.10
279 57.11
280 57.12
281 57.12
282 57.12
283 57.10
284 57.11
285 57.12
286 57.12
287 57.12
288 57.12
289 57.12
290 57.12
291 57.12
292 57.12
293 57.12
294 57.12
295 57.12
296 57.12
297 57.12
298 57.12
299 57.12
300 57.13
301 57.13
302 57.12
303 57.12
304 57.13
305 57.13
306 57.12
307 57.13
308 57.13
309 57.13
310 57.13
311 57.12
312 57.14
313 57.15
314 57.13
315 57.16
316 57.15
317 57.14
318 57.17
319 57.16
320 57.17
321 57.17
322 57.18
323 57.20
324 57.18
325 57.17
326 57.18
327 57.23
328 57.20
329 57.20
330 57.18
331 57.22
332 57.21
333 57.21
334 57.24
335 57.22
336 57.26
337 57.28
338 57.25
339 57.30
340 57.30
341 57.29
342 57.27
343 57.28
344 57.29
345 57.32
346 57.29
347 57.29
348 57.30
349 57.31
350 57.32
351 57.32
352 57.33
353 57.34
354 57.32
355 57.32
356 57.34
357 57.34
358 57.33
359 57.34
360 57.34
361 57.35
362 57.35
363 57.35
364 57.34
365 57.36
366 57.35
367 57.36
368 57.36
369 57.35
370 57.36
371 57.35
372 57.36
373 57.35
374 57.36
375 57.35
376 57.36
377 57.36
378 57.36
379 57.36
380 57.36
381 57.36
382 57.36
383 57.36
384 57.36
385 57.36
386 57.36
387 57.36
388 57.37
389 57.36
390 57.36
391 57.36
392 57.37
393 57.36
394 57.36
395 57.36
396 57.36
397 57.37
398 57.36
399 57.36
400 57.37
401 57.36
402 57.37
403 57.36
404 57.37
405 57.37
406 57.36
407 57.37
408 57.37
409 57.36
410 57.36
411 57.38
412 57.37
413 57.36
414 57.37
415 57.36
416 57.38
417 57.37
418 57.37
419 57.39
420 57.37
421 57.36
422 57.38
423 57.37
424 57.38
425 57.38
426 57.38
427 57.38
428 57.37
429 57.37
430 57.39
431 57.37
432 57.38
433 57.40
434 57.38
435 57.40
436 57.39
437 57.39
438 57.40
439 57.39
440 57.40
441 57.39
442 57.40
443 57.40
444 57.43
445 57.43
446 57.41
447 57.43
448 57.43
449 57.43
450 57.41
451 57.42
452 57.42
453 57.44
454 57.46
455 57.44
456 57.48
457 57.45
458 57.45
459 57.44
460 57.46
461 57.44
462 57.46
463 57.44
464 57.47
465 57.46
466 57.45
467 57.46
468 57.50
469 57.49
470 57.50
471 57.51
472 57.51
473 57.51
474 57.51
475 57.51
476 57.48
477 57.50
478 57.51
479 57.52
480 57.51
481 57.52
482 57.52
483 57.52
484 57.56
485 57.51
486 57.51
487 57.53
488 57.55
489 57.55
490 57.53
491 57.54
492 57.55
493 57.56
494 57.56
495 57.55
496 57.55
497 57.55
498 57.58
499 57.56
500 57.57
501 57.56
502 57.55
503 57.55
504 57.59
505 57.57
506 57.57
507 57.58
508 57.58
509 57.58
510 57.59
511 57.57
512 57.59
513 57.58
514 57.59
515 57.59
516 57.60
517 57.59
518 57.59
519 57.60
520 57.59
521 57.60
522 57.59
523 57.60
524 57.59
525 57.60
526 57.59
527 57.60
528 57.60
529 57.60
530 57.60
531 57.60
532 57.60
533 57.60
534 57.60
535 57.61
536 57.60
537 57.60
538 57.60
539 57.61
540 57.60
541 57.60
542 57.60
543 57.60
544 57.60
545 57.61
546 57.61
547 57.60
548 57.60
549 57.61
550 57.60
551 57.61
552 57.60
553 57.61
554 57.61
555 57.60
556 57.61
557 57.61
558 57.60
559 57.61
560 57.61
561 57.61
562 57.61
563 57.61
564 57.61
565 57.61
566 57.61
567 57.60
568 57.61
569 57.61
570 57.60
571 57.61
572 57.61
573 57.61
574 57.61
575 57.61
576 57.61
577 57.61
578 57.61
579 57.61
580 57.61
581 57.61
582 57.61
583 57.61
584 57.61
585 57.61
586 57.62
587 57.61
588 57.60
589 57.61
590 57.62
591 57.61
592 57.61
593 57.61
594 57.62
595 57.62
596 57.61
597 57.61
598 57.62
599 57.62
600 57.61
601 57.61
602 57.61
603 57.62
604 57.62
605 57.62
606 57.61
607 57.61
608 57.61
609 57.61
610 57.62
611 57.62
612 57.62
613 57.61
614 57.62
615 57.61
616 57.61
617 57.63
618 57.61
619 57.62
620 57.63
621 57.62
622 57.62
623 57.61
624 57.62
625 57.62
626 57.64
627 57.62
628 57.61
629 57.62
630 57.62
631 57.63
632 57.64
633 57.61
634 57.62
635 57.64
636 57.63
637 57.64
638 57.63
639 57.63
640 57.64
641 57.63
642 57.66
643 57.63
644 57.64
645 57.64
646 57.64
647 57.63
648 57.64
649 57.66
650 57.63
651 57.65
652 57.64
653 57.65
654 57.63
655 57.64
656 57.64
657 57.66
658 57.64
659 57.67
660 57.68
661 57.67
662 57.66
663 57.66
664 57.67
665 57.68
666 57.66
667 57.67
668 57.66
669 57.66
670 57.69
671 57.66
672 57.70
673 57.66
674 57.71
675 57.67
676 57.67
677 57.68
678 57.69
679 57.71
680 57.67
681 57.68
682 57.69
683 57.68
684 57.69
685 57.71
686 57.72
687 57.70
688 57.71
689 57.71
690 57.73
691 57.74
692 57.72
693 57.70
694 57.71
695 57.74
696 57.72
697 57.73
698 57.70
699 57.72
700 57.71
701 57.72
702 57.72
703 57.71
704 57.73
705 57.72
706 57.71
707 57.74
708 57.73
709 57.73
710 57.72
711 57.70
712 57.78
713 57.75
714 57.73
715 57.74
716 57.77
717 57.73
718 57.74
719 57.74
720 57.80
721 57.79
722 57.75
723 57.77
724 57.78
725 57.77
726 57.78
727 57.78
728 57.80
729 57.76
730 57.76
731 57.79
732 57.79
733 57.78
734 57.77
735 57.74
736 57.78
737 57.79
738 57.80
739 57.78
740 57.80
741 57.78
742 57.81
743 57.81
744 57.80
745 57.80
746 57.80
747 57.78
748 57.79
749 57.80
750 57.82
751 57.80
752 57.82
753 57.81
754 57.81
755 57.82
756 57.83
757 57.81
758 57.82
759 57.82
760 57.81
761 57.81
762 57.81
763 57.82
764 57.81
765 57.83
766 57.83
767 57.81
768 57.82
769 57.83
770 57.82
771 57.83
772 57.84
773 57.83
774 57.83
775 57.82
776 57.84
777 57.83
778 57.81
779 57.83
780 57.85
781 57.84
782 57.84
783 57.85
784 57.84
785 57.83
786 57.83
787 57.83
788 57.84
789 57.83
790 57.84
791 57.83
792 57.83
793 57.85
794 57.83
795 57.83
796 57.84
797 57.84
798 57.84
799 57.85
800 57.85
801 57.85
802 57.85
803 57.85
804 57.85
805 57.84
806 57.84
807 57.85
808 57.85
809 57.85
810 57.85
811 57.83
812 57.84
813 57.85
814 57.85
815 57.85
816 57.85
817 57.85
818 57.84
819 57.83
820 57.84
821 57.85
822 57.85
823 57.85
824 57.85
825 57.84
826 57.85
827 57.85
828 57.85
829 57.85
830 57.85
831 57.85
832 57.85
833 57.84
834 57.85
835 57.85
836 57.85
837 57.85
838 57.85
839 57.85
840 57.85
841 57.84
842 57.85
843 57.85
844 57.85
845 57.85
846 57.85
847 57.85
848 57.85
849 57.85
850 57.85
851 57.85
852 57.85
853 57.85
854 57.85
855 57.85
856 57.85
857 57.85
858 57.85
859 57.85
860 57.85
861 57.85
862 57.85
863 57.85
864 57.85
865 57.86
866 57.85
867 57.85
868 57.85
869 57.85
870 57.86
871 57.85
872 57.86
873 57.85
874 57.85
875 57.85
876 57.85
877 57.85
878 57.86
879 57.85
880 57.85
881 57.85
882 57.85
883 57.85
884 57.86
885 57.85
886 57.85
887 57.86
888 57.86
889 57.85
890 57.85
891 57.86
892 57.85
893 57.86
894 57.85
895 57.85
896 57.85
897 57.85
898 57.85
899 57.85
900 57.85
901 57.85
902 57.85
903 57.85
904 57.85
905 57.85
906 57.85
907 57.85
908 57.86
909 57.85
910 57.85
911 57.85
912 57.87
913 57.86
914 57.85
915 57.85
916 57.85
917 57.86
918 57.87
919 57.86
920 57.86
921 57.87
922 57.86
923 57.85
924 57.85
925 57.86
926 57.86
927 57.85
928 57.86
929 57.85
930 57.86
931 57.85
932 57.85
933 57.85
934 57.87
935 57.85
936 57.85
937 57.86
938 57.85
939 57.85
940 57.86
941 57.86
942 57.86
943 57.86
944 57.86
945 57.86
946 57.85
947 57.86
948 57.85
949 57.86
950 57.87
951 57.87
952 57.86
953 57.86
954 57.86
955 57.86
956 57.88
957 57.88
958 57.85
959 57.87
960 57.88
961 57.86
962 57.87
963 57.87
964 57.87
965 57.87
966 57.87
967 57.87
968 57.88
969 57.85
970 57.87
971 57.86
972 57.86
973 57.87
974 57.88
975 57.88
976 57.88
977 57.86
978 57.87
979 57.87
980 57.88
981 57.87
982 57.88
983 57.87
984 57.87
985 57.88
986 57.87
987 57.88
988 57.88
989 57.87
990 57.87
991 57.87
992 57.88
993 57.89
994 57.87
995 57.88
996 57.89
997 57.89
998 57.90
999 57.88
1000 57.90
1001 57.89
1002 57.91
1003 57.90
1004 57.90
1005 57.89
1006 57.90
1007 57.87
1008 57.87
1009 57.90
1010 57.90
1011 57.88
1012 57.90
1013 57.91
1014 57.89
1015 57.90
1016 57.90
1017 57.90
1018 57.89
1019 57.90
1020 57.89
1021 57.92
1022 57.90
1023 57.90
1024 57.90
1025 57.89
1026 57.92
1027 57.91
1028 57.92
1029 57.90
1030 57.90
1031 57.90
1032 57.91
1033 57.90
1034 57.89
1035 57.90
1036 57.88
1037 57.90
1038 57.94
1039 57.90
1040 57.91
1041 57.92
1042 57.93
1043 57.94
1044 57.94
1045 57.93
1046 57.92
1047 57.95
1048 57.93
1049 57.93
1050 57.93
1051 57.91
1052 57.91
1053 57.95
1054 57.92
1055 57.94
1056 57.95
1057 57.91
1058 57.92
1059 57.96
1060 57.97
1061 57.96
1062 57.95
1063 57.94
1064 57.97
1065 57.95
1066 57.96
1067 57.97
1068 57.96
1069 57.96
1070 57.96
1071 57.96
1072 57.97
1073 57.98
1074 57.96
1075 57.97
1076 57.95
1077 57.97
1078 57.97
1079 57.95
1080 57.98
1081 57.99
1082 57.99
1083 57.97
1084 57.99
1085 58.01
1086 57.95
1087 57.95
1088 57.98
1089 57.96
1090 58.00
1091 57.98
1092 57.99
1093 58.00
1094 58.00
1095 58.00
1096 57.99
1097 57.98
1098 57.96
1099 57.98
1100 57.99
1101 57.99
1102 58.00
1103 57.99
1104 58.00
1105 57.96
1106 57.96
1107 58.00
1108 58.00
1109 57.99
1110 58.01
1111 57.99
1112 58.01
1113 58.02
1114 58.01
1115 57.99
1116 58.00
1117 58.01
1118 58.01
1119 58.01
1120 58.02
1121 58.01
1122 58.01
1123 58.02
1124 57.99
1125 58.03
1126 58.01
1127 58.03
1128 58.01
1129 58.03
1130 58.00
1131 58.02
1132 58.01
1133 58.03
1134 58.01
1135 58.00
1136 58.00
1137 58.03
1138 58.01
1139 58.03
1140 58.02
1141 58.05
1142 58.02
1143 58.03
1144 58.04
1145 58.05
1146 58.04
1147 58.03
1148 58.03
1149 58.02
1150 58.01
1151 58.02
1152 58.04
1153 58.04
1154 58.04
1155 58.04
1156 58.06
1157 58.05
1158 58.04
1159 58.04
1160 58.05
1161 58.04
1162 58.05
1163 58.02
1164 58.02
1165 58.05
1166 58.06
1167 58.04
1168 58.06
1169 58.06
1170 58.05
1171 58.04
1172 58.05
1173 58.04
1174 58.06
1175 58.04
1176 58.06
1177 58.05
1178 58.05
1179 58.06
1180 58.09
1181 58.04
1182 58.08
1183 58.03
1184 58.05
1185 58.06
1186 58.05
1187 58.08
1188 58.07
1189 58.05
1190 58.06
1191 58.06
1192 58.05
1193 58.06
1194 58.08
1195 58.06
1196 58.06
1197 58.08
1198 58.06
1199 58.07
1200 58.06
1201 58.06
1202 58.07
1203 58.04
1204 58.08
1205 58.08
1206 58.08
1207 58.07
1208 58.08
1209 58.07
1210 58.08
1211 58.09
1212 58.08
1213 58.05
1214 58.08
1215 58.09
1216 58.09
1217 58.07
1218 58.08
1219 58.08
1220 58.09
1221 58.08
1222 58.07
1223 58.08
1224 58.07
1225 58.08
1226 58.09
1227 58.08
1228 58.08
1229 58.08
1230 58.08
1231 58.10
1232 58.09
1233 58.10
1234 58.09
1235 58.09
1236 58.09
1237 58.09
1238 58.08
1239 58.08
1240 58.09
1241 58.05
1242 57.93
1243 57.84
1244 57.64
1245 57.60
1246 57.39
1247 57.27
1248 57.12
1249 56.93
1250 56.87
1251 56.73
1252 56.63
1253 56.57
1254 56.45
1255 56.34
1256 56.15
1257 56.08
1258 55.90
1259 55.86
1260 55.69
1261 55.36
1262 54.85
1263 54.26
1264 53.69
1265 52.99
1266 52.27
1267 51.53
1268 50.76
1269 49.99
1270 49.21
1271 48.47
1272 47.75
1273 47.04
1274 46.33
1275 45.63
1276 44.92
1277 44.24
1278 43.66
1279 43.08
1280 42.44
1281 41.92
1282 41.44
1283 40.79
1284 40.31
1285 39.80
1286 39.28
1287 38.74
1288 38.25
1289 37.79
1290 37.34
1291 36.89
1292 36.45
1293 36.03
1294 35.72
1295 35.31
1296 34.87
1297 34.45
1298 34.14
1299 33.74
1300 33.30
1301 32.87
1302 32.56
1303 32.20
1304 31.93
1305 31.53
1306 31.28
1307 30.87
1308 30.64
1309 30.26
1310 29.99
1311 29.65
1312 29.33
1313 29.08
1314 28.76
1315 28.46
1316 28.24
1317 27.84
1318 27.59
1319 27.33
1320 27.05
1321 26.75
1322 26.52
1323 26.32
1324 26.11
1325 25.87
1326 25.65
1327 25.43
1328 25.22
1329 25.02
1330 24.83
1331 24.62
1332 24.41
1333 24.20
1334 24.04
1335 23.84
1336 23.63
1337 23.48
1338 23.29
1339 23.08
1340 22.88
1341 22.70
1342 22.54
1343 22.36
1344 22.20
1345 21.98
1346 21.80
1347 21.59
1348 21.37
1349 21.17
1350 20.97
1351 20.78
1352 20.63
1353 20.46
1354 20.32
1355 20.12
1356 19.94
1357 19.80
1358 19.67
1359 19.48
1360 19.28
1361 19.08
1362 18.87
1363 18.67
1364 18.56
1365 18.45
1366 18.25
1367 18.11
1368 18.02
1369 17.83
1370 17.63
1371 17.53
1372 17.41
1373 17.22
1374 17.15
1375 17.00
1376 16.80
1377 16.73
1378 16.59
1379 16.39
1380 16.26
1381 16.18
1382 16.02
1383 15.96
1384 15.77
1385 15.64
1386 15.52
1387 15.36
1388 15.32
1389 15.23
1390 15.15
1391 15.12
1392 14.95
1393 14.94
1394 14.75
1395 14.70
1396 14.54
1397 14.37
1398 14.27
1399 14.11
1400 13.93
1401 13.73
1402 13.54
1403 13.48
1404 13.32
1405 13.21
1406 13.11
1407 12.99
1408 12.91
1409 12.73
1410 12.70
1411 12.55
1412 12.51
1413 12.44
1414 12.31
1415 12.23
1416 12.11
1417 12.05
1418 11.91
1419 11.84
1420 11.73
1421 11.68
1422 11.51
1423 11.49
1424 11.31
1425 11.27
1426 11.11
1427 11.10
1428 11.05
1429 10.90
1430 10.82
1431 10.70
1432 10.63
1433 10.50
1434 10.50
1435 10.50
1436 10.48
1437 10.37
1438 10.31
1439 10.19
1440 10.12
1441 10.08
1442 9.94
1443 9.90
1444 9.90
1445 9.91

